1 0.70947265625 0.417420814479638 0.01602539062500008 0.07601809954751136
1 0.78173828125 0.5938914027149321 0.014902343749999991 0.0736651583710406
1 0.927734375 0.5927601809954751 0.016660156249999947 0.09063348416289581
1 0.92578125 0.4123529411764706 0.014667968749999982 0.06619909502262442
1 0.52734375 0.5990045248868778 0.015302734375000071 0.07778280542986424
1 0.6728515625 0.5956108597285068 0.014667968749999982 0.06904977375565607
1 0.055419921875 0.44484162895927604 0.014560546874999997 0.057149321266968305
1 0.237431640625 0.43638009049773757 0.017177734374999976 0.06773755656108597
1 0.74462890625 0.4182805429864253 0.015078125000000053 0.07488687782805435
1 0.63623046875 0.5956108597285068 0.014951171874999947 0.0736651583710406
1 0.599609375 0.5990045248868778 0.01553710937500008 0.07262443438914032
1 0.454833984375 0.6040723981900452 0.015537109374999969 0.08117647058823528
1 0.74560546875 0.5910859728506788 0.014619140625000027 0.07570135746606343
1 0.56396484375 0.5990045248868778 0.014843750000000044 0.07262443438914032
1 0.81787109375 0.5938914027149321 0.015839843750000027 0.08208144796380085
1 0.345703125 0.6108597285067874 0.01530273437499996 0.08208144796380085
1 0.890625 0.41375565610859727 0.013740234374999938 0.06054298642533935
1 0.382080078125 0.6085972850678733 0.015898437499999973 0.08235294117647053
1 0.78076171875 0.4165610859728507 0.015185546874999956 0.07230769230769227
1 0.52734375 0.4242081447963801 0.01602539062500008 0.07656108597285075
1 0.3095703125 0.614841628959276 0.014951171874999947 0.08429864253393662
1 0.128056640625 0.6216289592760181 0.015078124999999998 0.08773755656108591
1 0.20056640625 0.6176470588235294 0.01567382812500001 0.08542986425339365
1 0.491455078125 0.6074660633484162 0.014951171874999947 0.07628959276018106
1 0.16443359375 0.6210407239819005 0.015957031249999976 0.08746606334841622
1 0.2734375 0.43778280542986425 0.016787109375000053 0.06665158371040719
1 0.70947265625 0.5910859728506788 0.014501953124999911 0.07339366515837116
1 0.273193359375 0.614841628959276 0.014843750000000044 0.0829864253393664
1 0.454833984375 0.42733031674208144 0.01602539062499997 0.07719457013574661
1 0.490966796875 0.4256108597285068 0.01602539062499997 0.07751131221719455
1 0.85498046875 0.5972850678733032 0.014667968749999982 0.07542986425339374
1 0.09185546875 0.440316742081448 0.013632812500000008 0.055837104072398204
1 0.34619140625 0.43778280542986425 0.013476562499999956 0.05669683257918553
1 0.41845703125 0.6080542986425339 0.01595703125000003 0.08235294117647053
1 0.20056640625 0.4395022624434389 0.016728515624999996 0.06538461538461533
1 0.38232421875 0.43638009049773757 0.013330078124999978 0.05850678733031677
1 0.85400390625 0.42194570135746606 0.013378906250000044 0.06149321266968327
1 0.23669921875 0.615972850678733 0.015253906250000004 0.08542986425339365
1 0.81689453125 0.42334841628959274 0.013691406249999982 0.06221719457013575
1 0.56298828125 0.4309954751131222 0.014667968749999982 0.0624434389140272
1 0.0913671875 0.6221719457013575 0.016025390624999997 0.08914027149321262
1 0.055205078125 0.6153846153846154 0.016220703125000013 0.08429864253393662
1 0.890625 0.5916289592760181 0.015673828124999956 0.08977375565610848
1 0.164794921875 0.4409049773755656 0.01363281249999998 0.05963800904977379
1 0.63525390625 0.42733031674208144 0.01400390624999992 0.06294117647058822
1 0.671875 0.43013574660633486 0.013691406249999982 0.0636651583710407
1 0.599609375 0.42733031674208144 0.014228515624999938 0.06149321266968327
1 0.309326171875 0.4395022624434389 0.013632812500000036 0.05696832579185522
1 0.41845703125 0.4386425339366516 0.013583984374999969 0.05828054298642532
1 0.12890625 0.440316742081448 0.012333984374999996 0.05438914027149326