1 0.418701171875 0.6023981900452489 0.01652343749999996 0.07515837104072404
1 0.4541015625 0.5984162895927602 0.016220703125000013 0.07199095022624445
1 0.74560546875 0.5888235294117646 0.01578125000000008 0.0789592760180995
1 0.52685546875 0.5972850678733032 0.01595703124999992 0.07312217194570148
1 0.49072265625 0.6006787330316742 0.01602539062499997 0.07230769230769239
1 0.5634765625 0.5961538461538461 0.015361328125000018 0.07090497737556568
1 0.599609375 0.5961538461538461 0.015429687499999956 0.06904977375565607
1 0.30908203125 0.6103167420814479 0.01571289062500003 0.07339366515837116
1 0.6357421875 0.5967420814479638 0.014843750000000044 0.0700904977375566
1 0.8544921875 0.5865610859728506 0.015429687499999956 0.07959276018099536
1 0.67236328125 0.5956108597285068 0.014667968749999982 0.06877828054298638
1 0.490966796875 0.4323981900452489 0.016464843750000013 0.08561085972850686
1 0.7080078125 0.5927601809954751 0.015185546874999956 0.07199095022624445
1 0.236572265625 0.6131221719457014 0.015781250000000024 0.07488687782805435
1 0.272705078125 0.6131221719457014 0.015839843750000027 0.07515837104072404
1 0.199951171875 0.6153846153846154 0.016025390625000024 0.07488687782805435
1 0.70849609375 0.4205429864253394 0.015302734375000071 0.07457013574660629
1 0.78076171875 0.4165610859728507 0.015185546874999956 0.07683257918552032
1 0.81787109375 0.5899547511312216 0.015839843750000027 0.08208144796380085
1 0.89111328125 0.5854298642533936 0.015673828124999956 0.0789592760180995
1 0.34521484375 0.6097285067873304 0.015839843750000027 0.07457013574660641
1 0.9267578125 0.583710407239819 0.01652343750000007 0.08117647058823528
1 0.74462890625 0.4205429864253394 0.015361328125000018 0.07230769230769227
1 0.091064453125 0.45533936651583706 0.012871093750000007 0.05542986425339366
1 0.454345703125 0.4318552036199095 0.01652343749999996 0.08298642533936654
1 0.34521484375 0.44656108597285066 0.013476562499999956 0.061764705882352965
1 0.128544921875 0.45361990950226244 0.013164062500000018 0.05941176470588233
1 0.78173828125 0.5967420814479638 0.015429687499999956 0.07628959276018106
1 0.2371875 0.4409049773755656 0.01777343749999999 0.07927601809954755
1 0.2724609375 0.440316742081448 0.016582031250000018 0.0795927601809955
1 0.92578125 0.41149321266968325 0.013740234374999938 0.06592760180995472
1 0.163701171875 0.6199095022624435 0.01567382812500001 0.07176470588235301
1 0.19958984375 0.4409049773755656 0.016982421874999987 0.07778280542986424
1 0.5986328125 0.4309954751131222 0.014062500000000089 0.0636651583710407
1 0.52734375 0.4287330316742081 0.016406249999999956 0.08334841628959283
1 0.67138671875 0.4318552036199095 0.013896484375000018 0.0636651583710407
1 0.1640625 0.4544796380090498 0.013583984375000024 0.060090497737556564
1 0.0913671875 0.61710407239819 0.0158984375 0.07542986425339374
1 0.89013671875 0.417420814479638 0.013632812500000036 0.06149321266968327
1 0.382080078125 0.4457013574660634 0.013632812500000036 0.06036199095022626
1 0.81591796875 0.42334841628959274 0.013955078124999964 0.0624434389140272
1 0.634765625 0.43013574660633486 0.014062500000000089 0.06316742081447968
1 0.30908203125 0.4488235294117647 0.014179687499999982 0.060090497737556564
1 0.12744140625 0.6176470588235294 0.015488281250000013 0.07230769230769239
1 0.41796875 0.44484162895927604 0.013691406249999982 0.06343891402714937
1 0.56201171875 0.43552036199095023 0.014951171874999947 0.06665158371040719
1 0.055205078125 0.45760180995475114 0.013330078125000006 0.059185520361991005
1 0.382080078125 0.6063348416289592 0.016093750000000018 0.0736651583710406
1 0.853515625 0.4205429864253394 0.013740234374999938 0.06416289592760184
1 0.055205078125 0.6142533936651584 0.015712890625000003 0.07515837104072404