1 0.166015625 0.43013574660633486 0.014736328124999976 0.0657013574660634
1 0.529296875 0.4188235294117647 0.016845703125 0.0757013574660633
1 0.85693359375 0.5769230769230769 0.015302734375000071 0.08429864253393662
1 0.058134765625 0.43013574660633486 0.013378906249999989 0.05828054298642532
1 0.20203125 0.4264705882352941 0.017851562499999973 0.07515837104072404
1 0.892578125 0.5854298642533936 0.01553710937500008 0.07628959276018106
1 0.310791015625 0.42787330316742084 0.014619140625000027 0.059185520361991005
1 0.4560546875 0.41968325791855204 0.017304687500000027 0.07542986425339374
1 0.56494140625 0.4250678733031674 0.014951171874999947 0.061764705882352965
1 0.7109375 0.5842986425339366 0.015078125000000053 0.06927601809954752
1 0.71044921875 0.40923076923076923 0.01553710937500008 0.07339366515837104
1 0.529296875 0.5922171945701358 0.015673828124999956 0.07280542986425328
1 0.81982421875 0.582579185520362 0.01553710937500008 0.07683257918552044
1 0.5654296875 0.5899547511312216 0.015898437499999973 0.07230769230769239
1 0.455810546875 0.5950226244343891 0.01595703125000003 0.07090497737556568
1 0.38427734375 0.42959276018099546 0.014736328125000031 0.06036199095022626
1 0.6748046875 0.5893665158371041 0.014951171874999947 0.06877828054298638
1 0.347900390625 0.4287330316742081 0.014179687499999982 0.058054298642533995
1 0.346923828125 0.5978733031674208 0.01571289062500003 0.07090497737556568
1 0.78271484375 0.4100904977375565 0.015361328125000018 0.06850678733031668
1 0.6015625 0.5899547511312216 0.01627929687500007 0.06904977375565607
1 0.129638671875 0.4309954751131222 0.014003906249999976 0.06126696832579182
1 0.23865234375 0.4250678733031674 0.016982421874999987 0.07601809954751136
1 0.6005859375 0.4182805429864253 0.01456054687500008 0.059864253393665114
1 0.783203125 0.5809049773755656 0.015019531250000107 0.07262443438914032
1 0.63671875 0.41968325791855204 0.014619140625000027 0.0624434389140272
1 0.275146484375 0.6023981900452489 0.015839843750000027 0.07312217194570148
1 0.49267578125 0.5933484162895928 0.015126953125000009 0.06877828054298638
1 0.6376953125 0.5888235294117646 0.015302734375000071 0.06796380090497729
1 0.384033203125 0.5927601809954751 0.01578124999999997 0.06959276018099546
1 0.92919921875 0.584841628959276 0.016728515625000107 0.08574660633484157
1 0.85595703125 0.4078280542986425 0.014179687499999982 0.061764705882352965
1 0.673828125 0.4188235294117647 0.014179687499999982 0.0624434389140272
1 0.4931640625 0.42194570135746606 0.017519531250000053 0.07628959276018106
1 0.74658203125 0.5820361990950226 0.015361328125000018 0.06959276018099546
1 0.74609375 0.4078280542986425 0.015302734375000071 0.07339366515837104
1 0.31103515625 0.6023981900452489 0.015078125000000053 0.06850678733031668
1 0.8916015625 0.4078280542986425 0.01473632812499992 0.06488687782805432
1 0.420166015625 0.5961538461538461 0.015537109374999969 0.06719457013574671
1 0.093505859375 0.4309954751131222 0.013476562500000011 0.0587330316742081
1 0.274658203125 0.41968325791855204 0.018193359374999996 0.07990950226244342
1 0.2381640625 0.6012669683257919 0.015712890624999976 0.07149321266968331
1 0.81884765625 0.41289592760180993 0.01327148437499992 0.05941176470588233
1 0.165654296875 0.6108597285067874 0.015957031249999976 0.07425339366515848
1 0.20166015625 0.6057918552036199 0.015185546875000011 0.06959276018099546
1 0.420166015625 0.4264705882352941 0.015019531249999996 0.06665158371040719
1 0.927734375 0.4072398190045249 0.015253906249999893 0.06877828054298638
1 0.129033203125 0.6103167420814479 0.015605468750000018 0.06850678733031668
1 0.092529296875 0.6114479638009049 0.01583984375 0.0703619909502263
1 0.056767578125 0.6097285067873304 0.016220703125 0.07683257918552044