1 0.52734375 0.5978733031674208 0.015126953125000009 0.07751131221719455
1 0.927734375 0.5927601809954751 0.016660156249999947 0.09085972850678725
1 0.92626953125 0.41090497737556564 0.01456054687500008 0.06592760180995472
1 0.23779296875 0.43497737556561084 0.016923828124999984 0.06828054298642536
1 0.6728515625 0.5944796380090498 0.014785156250000098 0.06959276018099546
1 0.05572265625 0.44429864253393664 0.01438476562499999 0.05669683257918553
1 0.63671875 0.5938914027149321 0.015126953125000009 0.0739366515837103
1 0.455078125 0.6029411764705882 0.015537109374999969 0.08171945701357466
1 0.74560546875 0.5910859728506788 0.014619140625000027 0.07570135746606343
1 0.60009765625 0.5972850678733032 0.01553710937500008 0.0739366515837103
1 0.7451171875 0.4165610859728507 0.015126953125000009 0.07488687782805435
1 0.56396484375 0.5984162895927602 0.014951171874999947 0.07312217194570148
1 0.7822265625 0.5927601809954751 0.014951171874999947 0.0736651583710406
1 0.70947265625 0.4165610859728507 0.01578125000000008 0.07542986425339374
1 0.345947265625 0.6097285067873304 0.015361328125000018 0.08235294117647053
1 0.382080078125 0.6074660633484162 0.015898437499999973 0.08235294117647053
1 0.890625 0.41289592760180993 0.013535156249999902 0.059864253393665114
1 0.16455078125 0.620497737556561 0.016025390625000024 0.08809954751131234
1 0.309814453125 0.613710407239819 0.014951171874999947 0.08429864253393662
1 0.491455078125 0.6069230769230769 0.014951171874999947 0.07542986425339374
1 0.128173828125 0.620497737556561 0.015185546875000011 0.08723981900452477
1 0.20068359375 0.6165158371040724 0.015712890624999976 0.08588235294117655
1 0.70947265625 0.5893665158371041 0.014619140625000027 0.07425339366515848
1 0.818359375 0.5938914027149321 0.01571289062499992 0.07990950226244355
1 0.454833984375 0.4264705882352941 0.016162109374999956 0.0757013574660633
1 0.273193359375 0.6142533936651584 0.014843750000000044 0.0829864253393664
1 0.52783203125 0.4228054298642534 0.01578125000000008 0.07601809954751136
1 0.78125 0.4160180995475113 0.015253906249999893 0.07199095022624433
1 0.092041015625 0.4395022624434389 0.01389648437499999 0.05628959276018099
1 0.273681640625 0.43638009049773757 0.016464843750000013 0.06538461538461533
1 0.20056640625 0.43778280542986425 0.017109374999999982 0.06665158371040719
1 0.490966796875 0.4256108597285068 0.015839843750000027 0.07628959276018106
1 0.237060546875 0.614841628959276 0.015429687500000011 0.08561085972850686
1 0.418701171875 0.6069230769230769 0.01602539062499997 0.08271493212669671
1 0.34619140625 0.43638009049773757 0.013535156250000013 0.05737556561085976
1 0.382568359375 0.43552036199095023 0.013271484375000031 0.058959276018099555
1 0.8544921875 0.4205429864253394 0.01327148437499992 0.061764705882352965
1 0.091552734375 0.6210407239819005 0.016220703125000013 0.08963800904977376
1 0.81689453125 0.42194570135746606 0.013691406249999982 0.06294117647058822
1 0.85498046875 0.5899547511312216 0.01578125000000008 0.08773755656108591
1 0.63525390625 0.4264705882352941 0.013896484375000018 0.06294117647058822
1 0.05560546875 0.614841628959276 0.015957031250000003 0.08542986425339365
1 0.89111328125 0.5910859728506788 0.015605468750000018 0.08809954751131234
1 0.5634765625 0.43013574660633486 0.014619140625000027 0.06271493212669689
1 0.164921875 0.4395022624434389 0.013847656250000007 0.06054298642533935
1 0.67236328125 0.42959276018099546 0.013847656250000062 0.06466063348416286
1 0.4189453125 0.43723981900452485 0.013476562499999956 0.05941176470588233
1 0.3095703125 0.43778280542986425 0.013691406249999982 0.05782805429864254
1 0.599609375 0.4264705882352941 0.014384765625000018 0.061764705882352965
1 0.129033203125 0.43778280542986425 0.012480468749999973 0.05502262443438913