1 0.48876953125 0.6097285067873304 0.01578124999999997 0.08081447963800911
1 0.85205078125 0.5995475113122172 0.015019531250000107 0.08171945701357466
1 0.452392578125 0.6069230769230769 0.015673828124999956 0.07959276018099536
1 0.52490234375 0.6035294117647059 0.016162109374999956 0.07778280542986424
1 0.415771484375 0.6103167420814479 0.01602539062499997 0.08081447963800911
1 0.5244140625 0.4318552036199095 0.016162109374999956 0.08144796380090498
1 0.74267578125 0.6029411764705882 0.015078125000000053 0.07990950226244355
1 0.379638671875 0.6114479638009049 0.015537109374999969 0.07990950226244355
1 0.88818359375 0.5978733031674208 0.015302734375000071 0.0866063348416289
1 0.7783203125 0.42194570135746606 0.015429687499999956 0.07457013574660629
1 0.56103515625 0.6029411764705882 0.015019531250000107 0.07149321266968331
1 0.70654296875 0.5995475113122172 0.015078125000000053 0.07990950226244355
1 0.70556640625 0.4250678733031674 0.015185546874999956 0.07628959276018106
1 0.67041015625 0.6006787330316742 0.014951171874999947 0.0736651583710406
1 0.197880859375 0.6244343891402715 0.015605468750000018 0.08638009049773744
1 0.74169921875 0.4242081447963801 0.015126953125000009 0.07488687782805435
1 0.16162109375 0.6289592760180995 0.016337890625000018 0.08723981900452477
1 0.34326171875 0.6153846153846154 0.015537109374999969 0.08475113122171954
1 0.77978515625 0.6035294117647059 0.015361328125000018 0.08574660633484157
1 0.6337890625 0.6018099547511312 0.015126953125000009 0.07262443438914032
1 0.30712890625 0.620497737556561 0.016220703125000013 0.08624434389140273
1 0.4521484375 0.43497737556561084 0.016728515624999996 0.08235294117647053
1 0.270751953125 0.620497737556561 0.01595703125000003 0.08999999999999994
1 0.5966796875 0.6018099547511312 0.015019531250000107 0.07176470588235301
1 0.81591796875 0.6012669683257919 0.01602539062500008 0.08674208144796387
1 0.343017578125 0.4434389140271493 0.013330078124999978 0.059185520361991005
1 0.270751953125 0.440316742081448 0.016660156249999947 0.07656108597285075
1 0.234375 0.6216289592760181 0.016464843750000013 0.08796380090497737
1 0.23474609375 0.4409049773755656 0.015839843750000027 0.07457013574660629
1 0.198369140625 0.4434389140271493 0.015957031249999976 0.07090497737556556
1 0.089599609375 0.6278280542986425 0.01567382812500001 0.08638009049773744
1 0.125126953125 0.6266968325791855 0.015537109375000024 0.08674208144796387
1 0.92529296875 0.5978733031674208 0.01553710937500008 0.08832579185520353
1 0.923828125 0.41968325791855204 0.014062500000000089 0.06221719457013575
1 0.1259765625 0.4479638009049774 0.013271484374999976 0.05760180995475109
1 0.6689453125 0.43552036199095023 0.013066406250000107 0.06081447963800904
1 0.85107421875 0.4228054298642534 0.013847656250000062 0.0624434389140272
1 0.48779296875 0.4341176470588235 0.016582031250000018 0.08117647058823528
1 0.88720703125 0.4210859728506787 0.014111328125000044 0.06221719457013575
1 0.08880859375 0.449683257918552 0.013476562500000011 0.05737556561085976
1 0.81396484375 0.4287330316742081 0.013955078124999964 0.0636651583710407
1 0.59619140625 0.43723981900452485 0.013476562499999956 0.06316742081447968
1 0.052822265625 0.6233031674208145 0.0158984375 0.07805429864253394
1 0.379638671875 0.44176470588235295 0.012822265624999996 0.05782805429864254
1 0.56005859375 0.4409049773755656 0.014287109375000107 0.06393665158371038
1 0.416015625 0.44429864253393664 0.014335937499999951 0.06488687782805432
1 0.6328125 0.4332579185520362 0.013847656250000062 0.06850678733031668
1 0.306640625 0.442579185520362 0.013740234375000049 0.05850678733031677
1 0.051845703125 0.4513574660633484 0.013066406249999996 0.05375565610859726
1 0.162236328125 0.4513574660633484 0.012724609374999973 0.054570135746606345