1 0.455078125 0.41968325791855204 0.01724609374999997 0.0757013574660633
1 0.78271484375 0.5820361990950226 0.015605468750000018 0.07778280542986424
1 0.74609375 0.5769230769230769 0.015605468750000018 0.07570135746606343
1 0.85546875 0.5741176470588235 0.015898437499999973 0.08144796380090498
1 0.273681640625 0.4256108597285068 0.01798828124999996 0.07683257918552032
1 0.491943359375 0.4205429864253394 0.017304687500000027 0.0784162895927601
1 0.2371875 0.6046606334841629 0.016279296875000016 0.07117647058823538
1 0.5283203125 0.4165610859728507 0.016660156249999947 0.07927601809954755
1 0.345703125 0.5950226244343891 0.01571289062500003 0.0736651583710406
1 0.20154296875 0.4309954751131222 0.018291015625000018 0.07366515837104073
1 0.6005859375 0.5865610859728506 0.016162109374999956 0.07149321266968331
1 0.310302734375 0.6001357466063348 0.015839843750000027 0.07515837104072404
1 0.89111328125 0.5749321266968326 0.01692382812499993 0.08054298642533941
1 0.3828125 0.5933484162895928 0.015839843750000027 0.0736651583710406
1 0.92822265625 0.5766515837104073 0.017109374999999982 0.08574660633484157
1 0.7822265625 0.40497737556561086 0.01595703124999992 0.07280542986425341
1 0.74609375 0.40357466063348413 0.015185546874999956 0.07542986425339374
1 0.52685546875 0.5904977375565611 0.016728515625000107 0.07457013574660641
1 0.56494140625 0.5882352941176471 0.015898437499999973 0.0736651583710406
1 0.455322265625 0.5933484162895928 0.016406249999999956 0.07719457013574661
1 0.273681640625 0.6018099547511312 0.01602539062499997 0.0736651583710406
1 0.7099609375 0.5786425339366515 0.015302734375000071 0.07339366515837116
1 0.92626953125 0.39226244343891403 0.014951171874999947 0.06696832579185526
1 0.63623046875 0.582579185520362 0.01553710937500008 0.07149321266968331
1 0.49169921875 0.5967420814479638 0.01627929687499996 0.0736651583710406
1 0.41943359375 0.5927601809954751 0.017041015625000044 0.07312217194570148
1 0.67333984375 0.5842986425339366 0.015253906249999893 0.07149321266968331
1 0.2010546875 0.6052036199095022 0.01616210937500001 0.0703619909502263
1 0.81787109375 0.40497737556561086 0.013222656249999964 0.05760180995475109
1 0.70947265625 0.40357466063348413 0.01627929687500007 0.0789592760180995
1 0.85498046875 0.40357466063348413 0.013798828125000107 0.06054298642533935
1 0.237548828125 0.42733031674208144 0.018613281250000002 0.07515837104072404
1 0.164306640625 0.6142533936651584 0.016220703125000013 0.06927601809954752
1 0.890625 0.39705882352941174 0.014062500000000089 0.0624434389140272
1 0.67333984375 0.4123529411764706 0.01327148437499992 0.059185520361991005
1 0.8193359375 0.5786425339366515 0.016162109374999956 0.0786877828054298
1 0.12927734375 0.4341176470588235 0.013476562500000011 0.06036199095022626
1 0.12841796875 0.6069230769230769 0.016025390625000024 0.06986425339366514
1 0.091552734375 0.6114479638009049 0.0158984375 0.06696832579185526
1 0.56396484375 0.4205429864253394 0.014667968749999982 0.05963800904977379
1 0.383544921875 0.4256108597285068 0.014062499999999978 0.06126696832579182
1 0.310302734375 0.4287330316742081 0.014179687499999982 0.06126696832579182
1 0.63623046875 0.41289592760180993 0.013955078124999964 0.059864253393665114
1 0.1658984375 0.43497737556561084 0.014384765625000018 0.06343891402714937
1 0.09283203125 0.43497737556561084 0.013427734375 0.058054298642533995
1 0.055302734375 0.6119909502262444 0.0165234375 0.07149321266968331
1 0.599609375 0.4160180995475113 0.014287109375000107 0.06036199095022626
1 0.41943359375 0.4256108597285068 0.015429687499999956 0.06393665158371038
1 0.346923828125 0.4264705882352941 0.014560546874999969 0.0587330316742081
1 0.057587890625 0.4341176470588235 0.01316406249999999 0.058959276018099555