1 0.079482421875 0.4421719457013575 0.015185546875000011 0.06918552036199091
1 0.115947265625 0.4358371040723982 0.015185546875000011 0.06918552036199091
1 0.1522265625 0.4355656108597285 0.015185546875000011 0.06918552036199091
1 0.18810546875 0.4352488687782805 0.015185546875000011 0.06918552036199091
1 0.224599609375 0.43176470588235294 0.015185546875000011 0.06918552036199091
1 0.261015625 0.4298642533936652 0.015185546874999956 0.06918552036199091
1 0.297294921875 0.42959276018099546 0.015185546874999956 0.06918552036199091
1 0.33322265625 0.4291402714932127 0.015185546874999956 0.06918552036199091
1 0.36990234375 0.42606334841628957 0.015185546874999956 0.06918552036199091
1 0.405751953125 0.42828054298642537 0.015185546874999956 0.06918552036199091
1 0.441806640625 0.4275113122171946 0.015185546874999956 0.06918552036199091
1 0.47849609375 0.4257918552036199 0.015185546874999956 0.06918552036199091
1 0.513701171875 0.4171945701357466 0.015185546874999956 0.06918552036199091
1 0.549970703125 0.42036199095022625 0.015185546874999956 0.06918552036199091
1 0.76806640625 0.4007239819004525 0.015302734375000071 0.06927601809954752
1 0.6220703125 0.41090497737556564 0.013632812500000036 0.058959276018099555
1 0.6953125 0.40923076923076923 0.013847656250000062 0.060090497737556564
1 0.7314453125 0.40271493212669685 0.015605468750000018 0.06986425339366514
1 0.65869140625 0.4123529411764706 0.013632812500000036 0.059185520361991005
1 0.58544921875 0.415158371040724 0.013632812500000036 0.058959276018099555
1 0.80419921875 0.3965158371040724 0.015185546874999956 0.0703619909502263
1 0.84033203125 0.4007239819004525 0.013330078125000089 0.0547963800904978
1 0.91357421875 0.3908597285067873 0.013740234374999938 0.05941176470588233
1 0.87744140625 0.3936651583710407 0.01400390624999992 0.059185520361991005
1 0.478271484375 0.5904977375565611 0.015126953125000009 0.0674660633484164
1 0.94921875 0.38746606334841627 0.014111328125000044 0.0657013574660634
1 0.8046875 0.5735294117647058 0.014843750000000044 0.07488687782805435
1 0.4052734375 0.5961538461538461 0.015605468750000018 0.07515837104072404
1 0.91357421875 0.5692760180995475 0.015302734375000071 0.07488687782805435
1 0.51416015625 0.5899547511312216 0.014902343749999991 0.07090497737556568
1 0.73193359375 0.5741176470588235 0.014785156250000098 0.0703619909502263
1 0.441650390625 0.5927601809954751 0.014843750000000044 0.07117647058823538
1 0.84130859375 0.5721266968325792 0.015185546874999956 0.07425339366515848
1 0.7685546875 0.5729864253393665 0.014619140625000027 0.06986425339366514
1 0.87744140625 0.5709954751131222 0.015429687499999956 0.07312217194570148
1 0.62255859375 0.5820361990950226 0.014843750000000044 0.0636651583710407
1 0.077939453125 0.6091855203619909 0.016923828124999984 0.07778280542986424
1 0.5869140625 0.582579185520362 0.014902343749999991 0.06515837104072388
1 0.65966796875 0.5789140271493213 0.014785156250000098 0.06619909502262442
1 0.29638671875 0.6040723981900452 0.014902343749999991 0.07570135746606343
1 0.55078125 0.584841628959276 0.014501953124999911 0.06570135746606326
1 0.223388671875 0.6040723981900452 0.015605468750000018 0.07751131221719455
1 0.95068359375 0.5658823529411765 0.016162109374999956 0.07990950226244355
1 0.11474609375 0.6114479638009049 0.015429687500000011 0.07719457013574661
1 0.150029296875 0.6119909502262444 0.015605468750000018 0.07312217194570148
1 0.369140625 0.6029411764705882 0.015078125000000053 0.0736651583710406
1 0.1873828125 0.6080542986425339 0.015126953125000009 0.07570135746606343
1 0.33251953125 0.6012669683257919 0.015898437499999973 0.07927601809954743
1 0.6953125 0.582579185520362 0.013740234374999938 0.06515837104072388
1 0.259765625 0.6097285067873304 0.015078125000000053 0.07339366515837116