1 0.202880859375 0.42334841628959274 0.017519531249999998 0.07090497737556556
1 0.2401171875 0.4210859728506787 0.01640625000000001 0.07176470588235301
1 0.56640625 0.417420814479638 0.014228515624999938 0.06036199095022626
1 0.5302734375 0.5944796380090498 0.016337890625000018 0.07656108597285075
1 0.493896484375 0.5933484162895928 0.016093750000000018 0.07628959276018106
1 0.45751953125 0.5950226244343891 0.016220703125000013 0.0736651583710406
1 0.857421875 0.5789140271493213 0.015078125000000053 0.08334841628959283
1 0.93017578125 0.5786425339366515 0.016162109374999956 0.08723981900452477
1 0.42138671875 0.5967420814479638 0.015605468750000018 0.07542986425339374
1 0.3486328125 0.6006787330316742 0.015361328125000018 0.07805429864253394
1 0.638671875 0.5888235294117646 0.016093750000000018 0.07067873303167423
1 0.56640625 0.5882352941176471 0.01553710937500008 0.07280542986425328
1 0.6025390625 0.5893665158371041 0.01571289062499992 0.07067873303167423
1 0.8935546875 0.5786425339366515 0.01595703124999992 0.0839819004524887
1 0.6025390625 0.41090497737556564 0.014111328125000044 0.058054298642533995
1 0.384765625 0.5990045248868778 0.015605468750000018 0.0784162895927601
1 0.276123046875 0.6080542986425339 0.016337890625000018 0.08384615384615372
1 0.82080078125 0.5789140271493213 0.015185546874999956 0.07805429864253394
1 0.312255859375 0.6035294117647059 0.01578124999999997 0.08054298642533941
1 0.638671875 0.40923076923076923 0.013955078124999964 0.058054298642533995
1 0.78466796875 0.583710407239819 0.01553710937500008 0.07751131221719455
1 0.67578125 0.5888235294117646 0.015253906249999893 0.0736651583710406
1 0.1669921875 0.6108597285067874 0.015781250000000024 0.08361990950226253
1 0.31298828125 0.4250678733031674 0.014228515625000049 0.059864253393665114
1 0.1307421875 0.613710407239819 0.016093750000000018 0.08081447963800911
1 0.7119140625 0.5842986425339366 0.01571289062499992 0.07719457013574661
1 0.239873046875 0.6119909502262444 0.015781250000000024 0.07719457013574661
1 0.3857421875 0.4250678733031674 0.013427734375 0.05669683257918553
1 0.349365234375 0.42334841628959274 0.013066406249999996 0.05737556561085976
1 0.203251953125 0.6080542986425339 0.015957031249999976 0.08081447963800911
1 0.421875 0.4256108597285068 0.014560546874999969 0.06081447963800904
1 0.2763671875 0.4165610859728507 0.01839843750000003 0.08384615384615385
1 0.494384765625 0.4165610859728507 0.017519531250000053 0.0757013574660633
1 0.457763671875 0.4160180995475113 0.017851562499999973 0.07683257918552032
1 0.5302734375 0.4146153846153846 0.017109374999999982 0.07628959276018106
1 0.81982421875 0.3993212669683258 0.013476562499999956 0.058959276018099555
1 0.67578125 0.4086425339366516 0.014453124999999956 0.06294117647058822
1 0.85693359375 0.3965158371040724 0.013955078124999964 0.058054298642533995
1 0.74853515625 0.581447963800905 0.015488281249999902 0.07570135746606343
1 0.78466796875 0.40217194570135745 0.016464843749999902 0.0700904977375566
1 0.7119140625 0.40271493212669685 0.015839843750000027 0.07515837104072404
1 0.74755859375 0.40217194570135745 0.01578125000000008 0.07312217194570134
1 0.094853515625 0.42733031674208144 0.014902343749999991 0.06036199095022626
1 0.892578125 0.3936651583710407 0.015361328125000018 0.06316742081447968
1 0.16845703125 0.4264705882352941 0.013124999999999998 0.0587330316742081
1 0.9287109375 0.3914027149321267 0.01473632812499992 0.06316742081447968
1 0.093994140625 0.6131221719457014 0.016220703125000013 0.07959276018099536
1 0.05823242187500001 0.6119909502262444 0.01583984375 0.07628959276018106
1 0.13123046875 0.4264705882352941 0.014501953125000022 0.058959276018099555
1 0.059658203125 0.42733031674208144 0.014062500000000006 0.058054298642533995