1 0.51220703125 0.5888235294117646 0.015605468750000018 0.0736651583710406
1 0.47607421875 0.5927601809954751 0.016337890625000018 0.07601809954751136
1 0.58544921875 0.5842986425339366 0.01553710937500008 0.07067873303167423
1 0.54833984375 0.5871040723981901 0.015302734375000071 0.06850678733031668
1 0.658203125 0.5809049773755656 0.014619140625000027 0.07262443438914032
1 0.62109375 0.5842986425339366 0.014951171874999947 0.07090497737556568
1 0.76708984375 0.5789140271493213 0.015488281249999902 0.08081447963800911
1 0.29443359375 0.6085972850678733 0.015253906250000004 0.08348416289592756
1 0.475830078125 0.4182805429864253 0.015605468750000018 0.07262443438914032
1 0.366943359375 0.6018099547511312 0.015605468750000018 0.07959276018099536
1 0.69482421875 0.5820361990950226 0.015302734375000071 0.07570135746606343
1 0.51171875 0.4182805429864253 0.01571289062499992 0.07280542986425341
1 0.33056640625 0.6057918552036199 0.01571289062500003 0.08361990950226253
1 0.94921875 0.5695927601809955 0.01578125000000008 0.08542986425339365
1 0.25830078125 0.6085972850678733 0.015361328125000018 0.08334841628959283
1 0.73095703125 0.5797737556561086 0.014843750000000044 0.07805429864253394
1 0.4033203125 0.5956108597285068 0.01595703125000003 0.07927601809954743
1 0.440185546875 0.5972850678733032 0.016220703125000013 0.08235294117647053
1 0.22205078125 0.6091855203619909 0.015898437499999973 0.08475113122171954
1 0.54833984375 0.4165610859728507 0.01553710937500008 0.0700904977375566
1 0.185673828125 0.614841628959276 0.015078124999999998 0.08361990950226253
1 0.7294921875 0.4072398190045249 0.015361328125000018 0.07280542986425341
1 0.258056640625 0.4264705882352941 0.01571289062500003 0.06592760180995472
1 0.076298828125 0.6142533936651584 0.015537109374999997 0.07805429864253394
1 0.83984375 0.5769230769230769 0.015302734375000071 0.08208144796380085
1 0.148564453125 0.6153846153846154 0.015302734375000016 0.08384615384615372
1 0.2216796875 0.42959276018099546 0.016279296875000016 0.06515837104072401
1 0.91259765625 0.5726696832579186 0.015429687499999956 0.08054298642533941
1 0.8037109375 0.5797737556561086 0.01578125000000008 0.08497737556561073
1 0.8017578125 0.40217194570135745 0.014384765625000018 0.07280542986425341
1 0.294189453125 0.4256108597285068 0.015488281250000013 0.06877828054298638
1 0.765625 0.40443438914027147 0.014785156250000098 0.06904977375565607
1 0.11279296875 0.6131221719457014 0.01616210937500001 0.08882352941176469
1 0.87646484375 0.5766515837104073 0.01553710937500008 0.08018099547511325
1 0.69287109375 0.4160180995475113 0.014179687499999982 0.06438914027149317
1 0.440185546875 0.4264705882352941 0.014785156249999987 0.0657013574660634
1 0.330078125 0.42959276018099546 0.013535156250000013 0.058959276018099555
1 0.6201171875 0.4165610859728507 0.013330078125000089 0.060090497737556564
1 0.403564453125 0.4250678733031674 0.013378906250000044 0.060090497737556564
1 0.9111328125 0.39705882352941174 0.013632812500000036 0.058959276018099555
1 0.875 0.3984615384615385 0.013632812500000036 0.059185520361991005
1 0.366943359375 0.4264705882352941 0.012968749999999973 0.058959276018099555
1 0.65673828125 0.415158371040724 0.013427734375 0.06054298642533935
1 0.14892578125 0.4332579185520362 0.013330078124999978 0.057149321266968305
1 0.58349609375 0.4228054298642534 0.01400390624999992 0.06126696832579182
1 0.837890625 0.4058371040723982 0.01327148437499992 0.05782805429864254
1 0.94775390625 0.39565610859728506 0.013847656250000062 0.06081447963800904
1 0.076416015625 0.43723981900452485 0.013583984374999997 0.05647058823529407
1 0.185546875 0.4332579185520362 0.012578124999999996 0.0547963800904978
1 0.112607421875 0.43552036199095023 0.012382812500000007 0.054162895927601803