1 0.07611328125 0.39990950226244343 0.014287109374999996 0.06294117647058822
1 0.94921875 0.5155656108597285 0.016464843749999902 0.08524886877828056
1 0.11279296875 0.3979185520361991 0.013427734375 0.061764705882352965
1 0.65771484375 0.5401809954751131 0.015185546874999956 0.07366515837104073
1 0.148681640625 0.39506787330316745 0.013798828124999996 0.06199095022624429
1 0.69384765625 0.5364705882352941 0.015429687499999956 0.07719457013574661
1 0.51220703125 0.5514932126696832 0.01578125000000008 0.07656108597285075
1 0.62109375 0.5418552036199095 0.015302734375000071 0.07339366515837104
1 0.91259765625 0.5172398190045249 0.015429687499999956 0.08348416289592756
1 0.54833984375 0.37303167420814476 0.01717773437499992 0.08018099547511312
1 0.22119140625 0.3936651583710407 0.016337890625000018 0.07339366515837104
1 0.6201171875 0.36963800904977373 0.013740234374999938 0.0636651583710407
1 0.440185546875 0.5571493212669683 0.01595703125000003 0.07990950226244355
1 0.366943359375 0.5633484162895928 0.016220703125000013 0.08334841628959283
1 0.83984375 0.5291402714932126 0.014785156250000098 0.07149321266968331
1 0.65625 0.3651131221719457 0.013847656250000062 0.06081447963800904
1 0.258056640625 0.5701357466063348 0.016162109374999956 0.08461538461538456
1 0.72998046875 0.35660633484162896 0.016406249999999956 0.07488687782805435
1 0.330810546875 0.565339366515837 0.01571289062500003 0.08171945701357466
1 0.5849609375 0.5438461538461539 0.015488281249999902 0.0736651583710406
1 0.40380859375 0.5605429864253394 0.015898437499999973 0.08208144796380085
1 0.54833984375 0.5486425339366516 0.015605468750000018 0.07515837104072404
1 0.258056640625 0.3860180995475113 0.016728515624999996 0.07805429864253394
1 0.72998046875 0.5328054298642534 0.01553710937500008 0.0789592760180995
1 0.802734375 0.5328054298642534 0.015488281249999902 0.07656108597285075
1 0.18505859375 0.3979185520361991 0.013476562500000011 0.06199095022624429
1 0.80224609375 0.34841628959276016 0.015898437499999973 0.07656108597285075
1 0.47607421875 0.37357466063348416 0.01717773437500003 0.08334841628959283
1 0.476318359375 0.5514932126696832 0.015673828124999956 0.07656108597285075
1 0.29443359375 0.5676018099547511 0.015185546874999956 0.08542986425339365
1 0.221806640625 0.5701357466063348 0.015839843750000027 0.08497737556561073
1 0.76611328125 0.3515384615384615 0.015605468750000018 0.07542986425339374
1 0.51220703125 0.3755656108597285 0.016728515625000107 0.08411764705882355
1 0.9111328125 0.3413574660633484 0.01400390624999992 0.06393665158371038
1 0.366943359375 0.38520361990950225 0.014560546874999969 0.06515837104072401
1 0.8369140625 0.3509502262443439 0.013632812500000036 0.06221719457013575
1 0.439697265625 0.38461538461538464 0.015253906250000004 0.06719457013574658
1 0.947265625 0.33909502262443436 0.01473632812499992 0.06592760180995472
1 0.330078125 0.3885972850678733 0.014453124999999956 0.06592760180995472
1 0.185546875 0.5735294117647058 0.015253906250000004 0.08429864253393662
1 0.149169921875 0.5766515837104073 0.01640625000000001 0.08746606334841622
1 0.87548828125 0.3452941176470588 0.014287109375000107 0.06466063348416286
1 0.40234375 0.38520361990950225 0.014785156249999987 0.06466063348416286
1 0.58349609375 0.3750226244343891 0.014501953124999911 0.06642533936651587
1 0.294189453125 0.38800904977375567 0.01602539062499997 0.07542986425339374
1 0.07751953125 0.5789140271493213 0.01640625000000001 0.0829864253393664
1 0.7666015625 0.5291402714932126 0.01571289062499992 0.0795927601809955
1 0.693359375 0.36257918552036195 0.014619140625000027 0.06719457013574658
1 0.87646484375 0.5209502262443438 0.016093750000000018 0.08144796380090498
1 0.112607421875 0.5780542986425339 0.01658203124999999 0.08710407239819004