1 0.05720703125 0.4626696832579186 0.012285156250000012 0.055972850678733053
1 0.12927734375 0.45533936651583706 0.012871093750000007 0.05737556561085976
1 0.165166015625 0.4567420814479638 0.01363281249999998 0.0587330316742081
1 0.092529296875 0.45760180995475114 0.013027343750000003 0.05669683257918553
1 0.383056640625 0.45194570135746603 0.013164062500000018 0.058959276018099555
1 0.346923828125 0.449683257918552 0.013330078124999978 0.06036199095022626
1 0.310302734375 0.4513574660633484 0.014335937499999951 0.0624434389140272
1 0.6728515625 0.4395022624434389 0.013476562499999956 0.06081447963800904
1 0.9267578125 0.4210859728506787 0.014179687499999982 0.06416289592760184
1 0.89111328125 0.4264705882352941 0.014062500000000089 0.06081447963800904
1 0.85498046875 0.4341176470588235 0.013740234374999938 0.06036199095022626
1 0.419189453125 0.449683257918552 0.013271484375000031 0.060090497737556564
1 0.60009765625 0.440316742081448 0.013632812500000036 0.059185520361991005
1 0.8173828125 0.4332579185520362 0.014062500000000089 0.06054298642533935
1 0.564453125 0.44656108597285066 0.014228515624999938 0.06126696832579182
1 0.63623046875 0.43778280542986425 0.013378906250000044 0.05941176470588233
1 0.09271484375 0.6357466063348416 0.013271484375000003 0.057149321266968305
1 0.23876953125 0.4457013574660634 0.016660156250000002 0.07339366515837104
1 0.455322265625 0.4488235294117647 0.015185546874999956 0.06665158371040719
1 0.74609375 0.4287330316742081 0.015361328125000018 0.07230769230769227
1 0.52880859375 0.4395022624434389 0.015302734375000071 0.07601809954751136
1 0.2744140625 0.44429864253393664 0.016220703125000013 0.07488687782805435
1 0.7099609375 0.42959276018099546 0.015673828124999956 0.07393665158371042
1 0.673828125 0.6018099547511312 0.014501953124999911 0.06515837104072388
1 0.85498046875 0.6018099547511312 0.01553710937500008 0.06927601809954752
1 0.129033203125 0.6272850678733032 0.015781250000000024 0.07488687782805435
1 0.60107421875 0.6046606334841629 0.014785156250000098 0.06221719457013575
1 0.2021484375 0.44656108597285066 0.016337890625000018 0.07312217194570134
1 0.78271484375 0.4242081447963801 0.01553710937500008 0.07542986425339374
1 0.7099609375 0.6006787330316742 0.015019531250000107 0.06696832579185526
1 0.74658203125 0.6023981900452489 0.015078125000000053 0.06927601809954752
1 0.56494140625 0.6046606334841629 0.015078125000000053 0.06393665158371038
1 0.4560546875 0.6074660633484162 0.016582031250000018 0.06986425339366514
1 0.92822265625 0.6023981900452489 0.016845703125 0.07601809954751136
1 0.89208984375 0.5984162895927602 0.016220703124999902 0.07515837104072404
1 0.383544921875 0.612579185520362 0.015673828124999956 0.07199095022624445
1 0.783203125 0.6040723981900452 0.015253906249999893 0.07149321266968331
1 0.056552734375 0.6227601809954751 0.016982421874999987 0.07927601809954743
1 0.165166015625 0.6306787330316742 0.012675781250000018 0.057149321266968305
1 0.23828125 0.620497737556561 0.01616210937500001 0.07751131221719455
1 0.310546875 0.618235294117647 0.015537109374999969 0.07280542986425328
1 0.8193359375 0.6023981900452489 0.01578125000000008 0.07425339366515848
1 0.63671875 0.6046606334841629 0.015302734375000071 0.06316742081447954
1 0.419921875 0.6091855203619909 0.01724609374999997 0.07090497737556568
1 0.346435546875 0.6142533936651584 0.01595703125000003 0.07542986425339374
1 0.529296875 0.6040723981900452 0.015839843750000027 0.06719457013574671
1 0.49267578125 0.4409049773755656 0.01595703124999992 0.08235294117647053
1 0.274169921875 0.6210407239819005 0.015898437499999973 0.07542986425339374
1 0.4921875 0.6080542986425339 0.01692382812499993 0.06927601809954752
1 0.201787109375 0.6210407239819005 0.015712890624999976 0.0789592760180995