1 0.49365234375 0.4401357466063348 0.018046875000000018 0.08561085972850672
1 0.27587890625 0.43723981900452485 0.01791015625000003 0.07542986425339374
1 0.7841796875 0.5995475113122172 0.01578125000000008 0.07488687782805435
1 0.81982421875 0.5961538461538461 0.015673828124999956 0.0736651583710406
1 0.71142578125 0.6012669683257919 0.01553710937500008 0.0703619909502263
1 0.45703125 0.4309954751131222 0.01823242187499996 0.08298642533936654
1 0.8193359375 0.42334841628959274 0.014384765625000018 0.06054298642533935
1 0.202880859375 0.44176470588235295 0.01850585937499999 0.07090497737556556
1 0.7470703125 0.5978733031674208 0.015839843750000027 0.07149321266968331
1 0.6748046875 0.6035294117647059 0.015078125000000053 0.06904977375565607
1 0.56591796875 0.6046606334841629 0.016845703125 0.0736651583710406
1 0.4931640625 0.6097285067873304 0.016093750000000018 0.07176470588235301
1 0.27490234375 0.615972850678733 0.015898437499999973 0.07149321266968331
1 0.456787109375 0.6114479638009049 0.01717773437500003 0.07570135746606343
1 0.311279296875 0.612579185520362 0.016406249999999956 0.07425339366515848
1 0.6015625 0.6023981900452489 0.016406249999999956 0.07149321266968331
1 0.8564453125 0.5956108597285068 0.015488281249999902 0.07683257918552044
1 0.52978515625 0.6063348416289592 0.01652343750000007 0.0736651583710406
1 0.166015625 0.6227601809954751 0.016728515624999996 0.07542986425339374
1 0.92919921875 0.6012669683257919 0.016982421875000098 0.08461538461538456
1 0.8564453125 0.42194570135746606 0.014111328125000044 0.0636651583710407
1 0.31201171875 0.442579185520362 0.014501953125000022 0.0587330316742081
1 0.34765625 0.612579185520362 0.01578124999999997 0.07199095022624445
1 0.38427734375 0.6080542986425339 0.016337890625000018 0.07117647058823538
1 0.6376953125 0.6040723981900452 0.016162109374999956 0.07199095022624445
1 0.52978515625 0.42787330316742084 0.017304687500000027 0.08054298642533941
1 0.89306640625 0.5984162895927602 0.015839843750000027 0.07778280542986424
1 0.892578125 0.417420814479638 0.013955078124999964 0.059185520361991005
1 0.420654296875 0.6080542986425339 0.016464843750000013 0.07067873303167423
1 0.60107421875 0.4332579185520362 0.014501953124999911 0.059864253393665114
1 0.4208984375 0.43778280542986425 0.014335937499999951 0.0624434389140272
1 0.202392578125 0.6210407239819005 0.016220703125000013 0.06927601809954752
1 0.6748046875 0.42959276018099546 0.014287109375000107 0.06294117647058822
1 0.7109375 0.4228054298642534 0.016406249999999956 0.07199095022624433
1 0.3486328125 0.4395022624434389 0.013798828124999996 0.05628959276018099
1 0.7841796875 0.42334841628959274 0.01595703124999992 0.06466063348416286
1 0.5654296875 0.4386425339366516 0.015302734375000071 0.06271493212669689
1 0.7470703125 0.4188235294117647 0.016337890625000018 0.07312217194570134
1 0.38525390625 0.440316742081448 0.014111328125000044 0.05850678733031677
1 0.6376953125 0.4332579185520362 0.014384765625000018 0.057149321266968305
1 0.093203125 0.6255656108597285 0.015019531249999996 0.06696832579185526
1 0.9287109375 0.41375565610859727 0.01473632812499992 0.0636651583710407
1 0.239501953125 0.6176470588235294 0.015781250000000024 0.06904977375565607
1 0.239873046875 0.43723981900452485 0.016845703125 0.07117647058823524
1 0.167724609375 0.44429864253393664 0.013798828124999996 0.05606334841628953
1 0.1307421875 0.4434389140271493 0.014228515624999993 0.05850678733031677
1 0.129638671875 0.6210407239819005 0.015781250000000024 0.06719457013574671
1 0.058994140625 0.4409049773755656 0.013955078124999992 0.05963800904977379
1 0.094482421875 0.44176470588235295 0.013427734375 0.058054298642533995
1 0.057705078125 0.6272850678733032 0.015488281250000013 0.06393665158371038