1 0.248173828125 0.4323981900452489 0.016660156249999947 0.06877828054298638
1 0.39404296875 0.4318552036199095 0.014335937499999951 0.06466063348416286
1 0.8291015625 0.4160180995475113 0.015078125000000053 0.07230769230769227
1 0.9736328125 0.4078280542986425 0.01456054687500008 0.06796380090497742
1 0.285400390625 0.4309954751131222 0.01627929687499996 0.07176470588235301
1 0.7568359375 0.4182805429864253 0.015898437499999973 0.07176470588235301
1 0.79296875 0.4160180995475113 0.01553710937500008 0.07090497737556556
1 0.321044921875 0.42787330316742084 0.016406249999999956 0.07393665158371042
1 0.576171875 0.4250678733031674 0.01717773437499992 0.0784162895927601
1 0.5029296875 0.4250678733031674 0.016337890625000018 0.08018099547511312
1 0.247802734375 0.6069230769230769 0.015488281250000013 0.0700904977375566
1 0.61083984375 0.5927601809954751 0.01578125000000008 0.06393665158371038
1 0.9384765625 0.415158371040724 0.01400390624999992 0.061764705882352965
1 0.102666015625 0.6085972850678733 0.015781249999999997 0.07067873303167423
1 0.284423828125 0.6029411764705882 0.015253906250000004 0.07117647058823538
1 0.3935546875 0.6040723981900452 0.015429687499999956 0.0674660633484164
1 0.321044921875 0.6029411764705882 0.015839843750000027 0.07117647058823538
1 0.53857421875 0.5967420814479638 0.015605468750000018 0.06665158371040732
1 0.466796875 0.5967420814479638 0.015605468750000018 0.06696832579185526
1 0.4296875 0.5995475113122172 0.01530273437499996 0.06719457013574671
1 0.68359375 0.5904977375565611 0.01553710937500008 0.06221719457013575
1 0.64794921875 0.5927601809954751 0.015019531250000107 0.06221719457013575
1 0.86572265625 0.5882352941176471 0.015126953125000009 0.06592760180995472
1 0.57470703125 0.5944796380090498 0.014951171874999947 0.06271493212669689
1 0.64697265625 0.4256108597285068 0.013955078124999964 0.06271493212669689
1 0.9384765625 0.5882352941176471 0.01553710937500008 0.06619909502262442
1 0.50244140625 0.5956108597285068 0.015488281249999902 0.06570135746606326
1 0.90185546875 0.5910859728506788 0.015126953125000009 0.06642533936651587
1 0.356689453125 0.6069230769230769 0.015488281250000013 0.06877828054298638
1 0.357177734375 0.4341176470588235 0.014453124999999956 0.0624434389140272
1 0.68310546875 0.4242081447963801 0.013955078124999964 0.06271493212669689
1 0.82958984375 0.5854298642533936 0.015019531250000107 0.0674660633484164
1 0.175908203125 0.4341176470588235 0.013896484375000018 0.06221719457013575
1 0.7197265625 0.5904977375565611 0.01456054687500008 0.06316742081447954
1 0.1748046875 0.6091855203619909 0.016025390625000024 0.06850678733031668
1 0.53857421875 0.43013574660633486 0.016582031250000018 0.08144796380090498
1 0.466064453125 0.43778280542986425 0.015019531249999996 0.0657013574660634
1 0.75732421875 0.5865610859728506 0.014843750000000044 0.06592760180995472
1 0.14001953125 0.4318552036199095 0.013535156250000013 0.06271493212669689
1 0.8642578125 0.4242081447963801 0.013798828125000107 0.0624434389140272
1 0.7197265625 0.4256108597285068 0.014785156250000098 0.06773755656108597
1 0.79248046875 0.5916289592760181 0.014951171874999947 0.06538461538461533
1 0.430419921875 0.43552036199095023 0.014384765625000018 0.0624434389140272
1 0.21240234375 0.4341176470588235 0.014111328124999989 0.06294117647058822
1 0.2119140625 0.6085972850678733 0.015781250000000024 0.06828054298642523
1 0.97412109375 0.5859728506787331 0.016337890625000018 0.0700904977375566
1 0.61083984375 0.4318552036199095 0.014062500000000089 0.0624434389140272
1 0.103212890625 0.4332579185520362 0.01389648437499999 0.060090497737556564
1 0.13904296875 0.6080542986425339 0.015781250000000024 0.07176470588235301
1 0.90185546875 0.42959276018099546 0.014179687499999982 0.06316742081447968