1 0.10166015625 0.610497737556561 0.016171875000000002 0.07674208144796371
1 0.2109375 0.6103167420814479 0.014736328124999976 0.0700904977375566
1 0.1746875 0.6080542986425339 0.014951171875000002 0.07176470588235301
1 0.137939453125 0.6074660633484162 0.015302734375000016 0.07601809954751136
1 0.28369140625 0.6046606334841629 0.015488281250000013 0.0739366515837103
1 0.356201171875 0.6057918552036199 0.015185546874999956 0.07339366515837116
1 0.9013671875 0.5927601809954751 0.014902343749999991 0.07262443438914032
1 0.246953125 0.6035294117647059 0.015078125000000053 0.07515837104072404
1 0.50146484375 0.5956108597285068 0.015898437499999973 0.06719457013574671
1 0.865234375 0.5893665158371041 0.015185546874999956 0.07199095022624445
1 0.82861328125 0.5888235294117646 0.01473632812499992 0.0677375565610861
1 0.102841796875 0.43552036199095023 0.01369140625000001 0.05606334841628953
1 0.755859375 0.41968325791855204 0.015078125000000053 0.07090497737556556
1 0.247685546875 0.4318552036199095 0.016406249999999956 0.06592760180995472
1 0.50146484375 0.4228054298642534 0.016220703124999902 0.07262443438914032
1 0.4287109375 0.6006787330316742 0.01530273437499996 0.07230769230769239
1 0.53759765625 0.5978733031674208 0.015078125000000053 0.06570135746606326
1 0.71923828125 0.5893665158371041 0.01473632812499992 0.06538461538461533
1 0.57421875 0.4205429864253394 0.01595703124999992 0.07425339366515836
1 0.2841796875 0.42959276018099546 0.016660156249999947 0.06515837104072401
1 0.79248046875 0.5888235294117646 0.015078125000000053 0.06877828054298638
1 0.60986328125 0.5938914027149321 0.015185546874999956 0.06393665158371038
1 0.75634765625 0.5882352941176471 0.014335937500000062 0.0677375565610861
1 0.465087890625 0.5972850678733032 0.015429687499999956 0.06927601809954752
1 0.212041015625 0.4318552036199095 0.012675781250000018 0.05669683257918553
1 0.71923828125 0.4256108597285068 0.013955078124999964 0.06316742081447968
1 0.1756640625 0.4323981900452489 0.013164062500000018 0.05542986425339366
1 0.392578125 0.6035294117647059 0.015488281250000013 0.07262443438914032
1 0.4658203125 0.4323981900452489 0.014179687499999982 0.06271493212669689
1 0.139892578125 0.4323981900452489 0.012822265624999996 0.05438914027149326
1 0.6474609375 0.5916289592760181 0.01473632812499992 0.0636651583710407
1 0.356689453125 0.4309954751131222 0.013955078124999964 0.060090497737556564
1 0.82861328125 0.415158371040724 0.01553710937500008 0.07457013574660629
1 0.3203125 0.6046606334841629 0.015253906250000004 0.07751131221719455
1 0.974609375 0.5904977375565611 0.015605468750000018 0.08411764705882342
1 0.9375 0.415158371040724 0.013896484375000018 0.06126696832579182
1 0.79248046875 0.4165610859728507 0.015839843750000027 0.07280542986425341
1 0.93798828125 0.5865610859728506 0.015361328125000018 0.08117647058823528
1 0.68359375 0.5899547511312216 0.015605468750000018 0.06488687782805419
1 0.428955078125 0.4309954751131222 0.013535156250000013 0.05782805429864254
1 0.57470703125 0.5944796380090498 0.015185546874999956 0.06393665158371038
1 0.6103515625 0.42787330316742084 0.014062500000000089 0.06036199095022626
1 0.64697265625 0.4256108597285068 0.013632812500000036 0.060090497737556564
1 0.6826171875 0.4228054298642534 0.013330078125000089 0.059864253393665114
1 0.5380859375 0.4242081447963801 0.016406249999999956 0.07488687782805435
1 0.97314453125 0.41090497737556564 0.014179687499999982 0.06126696832579182
1 0.86376953125 0.4210859728506787 0.012968749999999973 0.06036199095022626
1 0.393310546875 0.4287330316742081 0.013066406249999996 0.05941176470588233
1 0.9013671875 0.42194570135746606 0.013798828125000107 0.061764705882352965
1 0.3212890625 0.42959276018099546 0.01919921874999997 0.0703619909502263