1 0.491455078125 0.4434389140271493 0.015839843750000027 0.08746606334841622
1 0.272705078125 0.447420814479638 0.017519531250000053 0.0784162895927601
1 0.23681640625 0.4479638009049774 0.016982421874999987 0.07393665158371042
1 0.5634765625 0.6085972850678733 0.015253906249999893 0.06850678733031668
1 0.70849609375 0.6080542986425339 0.014501953124999911 0.07199095022624445
1 0.60009765625 0.6097285067873304 0.015078125000000053 0.0674660633484164
1 0.52685546875 0.6080542986425339 0.015019531250000107 0.07149321266968331
1 0.7451171875 0.6091855203619909 0.015078125000000053 0.0739366515837103
1 0.45458984375 0.6131221719457014 0.015537109374999969 0.0739366515837103
1 0.6728515625 0.6080542986425339 0.014335937500000062 0.06796380090497729
1 0.45458984375 0.440316742081448 0.015898437499999973 0.08361990950226239
1 0.78173828125 0.612579185520362 0.015302734375000071 0.07656108597285075
1 0.418701171875 0.613710407239819 0.01571289062500003 0.07425339366515848
1 0.6357421875 0.6091855203619909 0.014785156250000098 0.0674660633484164
1 0.4912109375 0.6119909502262444 0.01578124999999997 0.0736651583710406
1 0.8173828125 0.6091855203619909 0.015429687499999956 0.07628959276018106
1 0.927734375 0.6046606334841629 0.015898437499999973 0.08144796380090498
1 0.38232421875 0.619366515837104 0.016220703125000013 0.07805429864253394
1 0.8544921875 0.6069230769230769 0.014951171874999947 0.07778280542986424
1 0.345458984375 0.620497737556561 0.015605468750000018 0.0786877828054298
1 0.27294921875 0.6233031674208145 0.015488281250000013 0.08054298642533941
1 0.05490234375 0.6261538461538462 0.01658203124999999 0.07719457013574661
1 0.52734375 0.43497737556561084 0.015429687499999956 0.09085972850678725
1 0.309326171875 0.6210407239819005 0.01578124999999997 0.07959276018099536
1 0.89111328125 0.6052036199095022 0.015361328125000018 0.0789592760180995
1 0.708984375 0.43497737556561084 0.01553710937500008 0.0757013574660633
1 0.20056640625 0.4488235294117647 0.016982421874999987 0.07656108597285075
1 0.23669921875 0.6238914027149322 0.01567382812500001 0.08117647058823528
1 0.78076171875 0.43013574660633486 0.015302734375000071 0.07515837104072404
1 0.163701171875 0.6289592760180995 0.01616210937500001 0.08018099547511325
1 0.127568359375 0.6284162895927602 0.01567382812500001 0.07927601809954743
1 0.199951171875 0.6255656108597285 0.015957031249999976 0.08117647058823528
1 0.74462890625 0.43638009049773757 0.015302734375000071 0.07393665158371042
1 0.0913671875 0.6295475113122172 0.0158984375 0.0829864253393664
1 0.634765625 0.4409049773755656 0.014335937500000062 0.06642533936651587
1 0.3818359375 0.4513574660633484 0.014335937499999951 0.0636651583710407
1 0.41796875 0.4527601809954751 0.014453124999999956 0.06466063348416286
1 0.67138671875 0.4434389140271493 0.013798828125000107 0.06438914027149317
1 0.30859375 0.4513574660633484 0.014951171874999947 0.06294117647058822
1 0.34521484375 0.45194570135746603 0.013740234375000049 0.06099547511312212
1 0.81640625 0.43723981900452485 0.01400390624999992 0.06316742081447968
1 0.853515625 0.4332579185520362 0.01400390624999992 0.06343891402714937
1 0.92578125 0.42787330316742084 0.014228515624999938 0.06416289592760184
1 0.0922265625 0.45361990950226244 0.013955078124999992 0.06619909502262442
1 0.89013671875 0.4323981900452489 0.013632812500000036 0.06221719457013575
1 0.163701171875 0.4584162895927602 0.014062499999999978 0.05941176470588233
1 0.12732421875 0.4561538461538462 0.013271484374999976 0.058054298642533995
1 0.5986328125 0.4409049773755656 0.013691406249999982 0.06343891402714937
1 0.56201171875 0.4479638009049774 0.01456054687500008 0.06416289592760184
1 0.054287109375 0.46407239819004525 0.013691406249999996 0.053303167420814486