1 0.1027734375 0.44488687782805425 0.012890624999999989 0.055339366515837055
1 0.3562890625 0.4390045248868778 0.011914062500000044 0.05737556561085976
1 0.75576171875 0.4302714932126697 0.01571289062499992 0.07488687782805435
1 0.174423828125 0.615972850678733 0.015937499999999993 0.09289592760180983
1 0.17517578125 0.4323981900452489 0.014062499999999978 0.06271493212669689
1 0.13904296875 0.4341176470588235 0.013066406249999996 0.05941176470588233
1 0.210576171875 0.4386425339366516 0.014228515624999993 0.061764705882352965
1 0.24658203125 0.4341176470588235 0.01602539062499997 0.06642533936651587
1 0.392822265625 0.43552036199095023 0.014003906250000031 0.06099547511312212
1 0.97412109375 0.4165610859728507 0.012822265625000107 0.05696832579185522
1 0.53759765625 0.43638009049773757 0.013798828125000107 0.06294117647058822
1 0.64599609375 0.4341176470588235 0.013740234374999938 0.06416289592760184
1 0.6826171875 0.43013574660633486 0.012099609375000098 0.06393665158371038
1 0.609375 0.4323981900452489 0.014902343749999991 0.06642533936651587
1 0.464111328125 0.4332579185520362 0.012148437500000053 0.05782805429864254
1 0.9365234375 0.4242081447963801 0.01473632812499992 0.06515837104072401
1 0.42919921875 0.4332579185520362 0.013583984374999969 0.0624434389140272
1 0.3203125 0.43497737556561084 0.01252929687500004 0.055837104072398204
1 0.828125 0.41149321266968325 0.014619140625000027 0.07542986425339374
1 0.5009765625 0.4250678733031674 0.016464843749999902 0.0784162895927601
1 0.71728515625 0.42787330316742084 0.013798828125000107 0.06927601809954752
1 0.791015625 0.4205429864253394 0.015361328125000018 0.07628959276018106
1 0.57421875 0.5961538461538461 0.015429687499999956 0.07149321266968331
1 0.2841796875 0.42959276018099546 0.018906250000000013 0.07927601809954755
1 0.57470703125 0.4228054298642534 0.01839843749999992 0.08542986425339365
1 0.1014453125 0.6091855203619909 0.016728515624999996 0.08524886877828043
1 0.13818359375 0.6233031674208145 0.014453125000000011 0.06719457013574671
1 0.428955078125 0.6018099547511312 0.01595703125000003 0.07601809954751136
1 0.24744140625 0.6035294117647059 0.01571289062500003 0.07751131221719455
1 0.35595703125 0.6040723981900452 0.015605468750000018 0.07628959276018106
1 0.5380859375 0.5972850678733032 0.015429687499999956 0.0789592760180995
1 0.46533203125 0.6018099547511312 0.016162109374999956 0.0784162895927601
1 0.319580078125 0.618235294117647 0.013955078124999964 0.07090497737556568
1 0.5009765625 0.5972850678733032 0.016162109374999956 0.07199095022624445
1 0.9736328125 0.5927601809954751 0.01571289062499992 0.08914027149321262
1 0.68310546875 0.5961538461538461 0.015253906249999893 0.07778280542986424
1 0.39306640625 0.6023981900452489 0.015361328125000018 0.07628959276018106
1 0.93701171875 0.5944796380090498 0.016162109374999956 0.0876018099547512
1 0.8623046875 0.4146153846153846 0.012626953125000062 0.06515837104072401
1 0.71923828125 0.5967420814479638 0.015126953125000009 0.07515837104072404
1 0.283447265625 0.6210407239819005 0.014619140625000027 0.07176470588235301
1 0.64697265625 0.5961538461538461 0.015898437499999973 0.07570135746606343
1 0.9013671875 0.5933484162895928 0.015302734375000071 0.08429864253393662
1 0.8642578125 0.5910859728506788 0.015429687499999956 0.08208144796380085
1 0.755859375 0.5927601809954751 0.014785156250000098 0.07719457013574661
1 0.7919921875 0.5967420814479638 0.01456054687500008 0.0736651583710406
1 0.828125 0.5938914027149321 0.01553710937500008 0.08235294117647053
1 0.900390625 0.4256108597285068 0.013632812500000036 0.061764705882352965
1 0.2099609375 0.6119909502262444 0.015302734375000016 0.08447963800904984
1 0.609375 0.6012669683257919 0.015605468750000018 0.07542986425339374