1 0.455810546875 0.5944796380090498 0.01602539062499997 0.0739366515837103
1 0.4921875 0.5933484162895928 0.016093750000000018 0.07542986425339374
1 0.346923828125 0.6001357466063348 0.015605468750000018 0.0786877828054298
1 0.92822265625 0.5775113122171945 0.015839843750000027 0.0866063348416289
1 0.85595703125 0.5780542986425339 0.015185546874999956 0.08411764705882342
1 0.56494140625 0.5871040723981901 0.015898437499999973 0.07149321266968331
1 0.419677734375 0.5950226244343891 0.01627929687499996 0.07601809954751136
1 0.63671875 0.5876923076923076 0.015898437499999973 0.0703619909502263
1 0.60107421875 0.5882352941176471 0.015898437499999973 0.0703619909502263
1 0.89208984375 0.5780542986425339 0.01602539062500008 0.08524886877828043
1 0.383544921875 0.5978733031674208 0.015673828124999956 0.0786877828054298
1 0.23828125 0.6080542986425339 0.015957031249999976 0.08208144796380085
1 0.16541015625 0.6108597285067874 0.015957031249999976 0.08208144796380085
1 0.78271484375 0.5820361990950226 0.01578125000000008 0.07683257918552044
1 0.2744140625 0.6057918552036199 0.015839843750000027 0.08411764705882342
1 0.310791015625 0.6040723981900452 0.015488281250000013 0.07959276018099536
1 0.673828125 0.5888235294117646 0.015185546874999956 0.0736651583710406
1 0.129033203125 0.6119909502262444 0.015957031249999976 0.07927601809954743
1 0.201787109375 0.6080542986425339 0.015605468750000018 0.07990950226244355
1 0.78271484375 0.40217194570135745 0.01578125000000008 0.06986425339366514
1 0.74609375 0.4013122171945701 0.015605468750000018 0.07280542986425341
1 0.71044921875 0.5831674208144796 0.015605468750000018 0.07656108597285075
1 0.74658203125 0.5809049773755656 0.015488281249999902 0.07542986425339374
1 0.455810546875 0.4160180995475113 0.017636718749999947 0.07656108597285075
1 0.492919921875 0.415158371040724 0.01724609375000008 0.07515837104072404
1 0.7099609375 0.40217194570135745 0.015605468750000018 0.07425339366515836
1 0.384033203125 0.4242081447963801 0.013632812500000036 0.05696832579185522
1 0.09234375 0.6119909502262444 0.01633789062499999 0.07927601809954743
1 0.52880859375 0.41289592760180993 0.016845703125 0.07778280542986424
1 0.63720703125 0.4086425339366516 0.014335937500000062 0.05850678733031677
1 0.818359375 0.582579185520362 0.014902343749999991 0.07488687782805435
1 0.34765625 0.4228054298642534 0.013476562499999956 0.05850678733031677
1 0.673828125 0.40923076923076923 0.014384765625000018 0.06294117647058822
1 0.52880859375 0.5916289592760181 0.016162109374999956 0.07425339366515848
1 0.60107421875 0.4100904977375565 0.013691406249999982 0.05669683257918553
1 0.818359375 0.3993212669683258 0.013535156249999902 0.058054298642533995
1 0.274658203125 0.4165610859728507 0.018095703124999973 0.08117647058823528
1 0.20154296875 0.4242081447963801 0.017519531249999998 0.06959276018099546
1 0.42041015625 0.4250678733031674 0.014785156249999987 0.06081447963800904
1 0.56494140625 0.417420814479638 0.014228515624999938 0.059864253393665114
1 0.31103515625 0.4250678733031674 0.014179687499999982 0.060090497737556564
1 0.927734375 0.3908597285067873 0.014785156250000098 0.06343891402714937
1 0.056123046875 0.6108597285067874 0.016279296875000016 0.08144796380090498
1 0.85595703125 0.3965158371040724 0.013798828125000107 0.058054298642533995
1 0.238408203125 0.4205429864253394 0.01777343749999999 0.0757013574660633
1 0.890625 0.39280542986425343 0.01553710937500008 0.06271493212669689
1 0.1298828125 0.4264705882352941 0.01395507812500002 0.05737556561085976
1 0.0933203125 0.4264705882352941 0.014228515624999993 0.05828054298642532
1 0.16638671875 0.4256108597285068 0.014179687499999982 0.06036199095022626
1 0.058134765625 0.42733031674208144 0.013798828124999996 0.05760180995475109