1 0.05685546875 0.6212669683257919 0.015175781249999992 0.07923076923076919
1 0.673828125 0.4250678733031674 0.014228515624999938 0.0624434389140272
1 0.092529296875 0.620497737556561 0.015185546875000011 0.07067873303167423
1 0.529296875 0.42959276018099546 0.016162109374999956 0.07312217194570134
1 0.6748046875 0.5927601809954751 0.014335937500000062 0.06850678733031668
1 0.74658203125 0.4165610859728507 0.014951171874999947 0.06665158371040719
1 0.783203125 0.415158371040724 0.015126953125000009 0.06619909502262442
1 0.60107421875 0.4256108597285068 0.014111328125000044 0.05941176470588233
1 0.23865234375 0.6131221719457014 0.014951171875000002 0.07090497737556568
1 0.38427734375 0.43638009049773757 0.013740234375000049 0.05828054298642532
1 0.493408203125 0.6001357466063348 0.014619140625000027 0.06696832579185526
1 0.27490234375 0.6131221719457014 0.015078125000000053 0.07176470588235301
1 0.63720703125 0.4256108597285068 0.014062500000000089 0.059185520361991005
1 0.420654296875 0.6046606334841629 0.01530273437499996 0.06665158371040732
1 0.6376953125 0.5938914027149321 0.015126953125000009 0.0677375565610861
1 0.3115234375 0.613710407239819 0.015126953125000009 0.07280542986425328
1 0.7109375 0.4182805429864253 0.015839843750000027 0.06828054298642536
1 0.3837890625 0.6063348416289592 0.015078125000000053 0.06986425339366514
1 0.7109375 0.5927601809954751 0.014287109375000107 0.06959276018099546
1 0.78369140625 0.5927601809954751 0.014335937500000062 0.07067873303167423
1 0.92919921875 0.5876923076923076 0.015839843750000027 0.07959276018099536
1 0.45654296875 0.6001357466063348 0.015429687499999956 0.06665158371040732
1 0.6015625 0.5950226244343891 0.015126953125000009 0.06416289592760184
1 0.348388671875 0.4341176470588235 0.013027343750000031 0.05782805429864254
1 0.5654296875 0.5961538461538461 0.015126953125000009 0.06696832579185526
1 0.456787109375 0.4287330316742081 0.01652343749999996 0.07280542986425341
1 0.1658984375 0.615972850678733 0.015537109375000024 0.07090497737556568
1 0.201787109375 0.6142533936651584 0.015429687500000011 0.07117647058823538
1 0.129638671875 0.618235294117647 0.014843749999999989 0.06986425339366514
1 0.52880859375 0.5967420814479638 0.015019531250000107 0.06719457013574671
1 0.42041015625 0.43638009049773757 0.014179687499999982 0.06036199095022626
1 0.34765625 0.6085972850678733 0.015019531249999996 0.07199095022624445
1 0.275390625 0.4318552036199095 0.01530273437499996 0.07199095022624433
1 0.3115234375 0.4386425339366516 0.013583984374999969 0.05782805429864254
1 0.81982421875 0.5910859728506788 0.014902343749999991 0.07280542986425328
1 0.1669921875 0.4409049773755656 0.014453125000000011 0.059864253393665114
1 0.239140625 0.43552036199095023 0.015957031249999976 0.07199095022624433
1 0.8564453125 0.5871040723981901 0.015185546874999956 0.07570135746606343
1 0.56494140625 0.43013574660633486 0.014785156250000098 0.06343891402714937
1 0.4931640625 0.42959276018099546 0.01627929687500007 0.07628959276018106
1 0.202392578125 0.4395022624434389 0.016728515624999996 0.07199095022624433
1 0.130009765625 0.4386425339366516 0.012871093750000007 0.05628959276018099
1 0.74755859375 0.5899547511312216 0.015185546874999956 0.07176470588235301
1 0.89306640625 0.5933484162895928 0.014951171874999947 0.06986425339366514
1 0.85595703125 0.4123529411764706 0.013476562499999956 0.06081447963800904
1 0.89208984375 0.41090497737556564 0.013798828125000107 0.061764705882352965
1 0.81884765625 0.417420814479638 0.014287109375000107 0.060090497737556564
1 0.09369140625 0.4395022624434389 0.013066406249999996 0.05669683257918553
1 0.927734375 0.4100904977375565 0.014062500000000089 0.06271493212669689
1 0.058349609375 0.43638009049773757 0.012626953125000007 0.05542986425339366