1 0.562275390625 0.5931674208144797 0.015488281249999902 0.0703619909502263
1 0.525390625 0.5904977375565611 0.015605468750000018 0.0736651583710406
1 0.744140625 0.5797737556561086 0.015488281249999902 0.08018099547511325
1 0.453125 0.5933484162895928 0.016162109374999956 0.07425339366515848
1 0.198125 0.6080542986425339 0.015839843750000027 0.07312217194570148
1 0.74267578125 0.4086425339366516 0.014785156250000098 0.07366515837104073
1 0.271240234375 0.42733031674208144 0.016464843750000013 0.07515837104072404
1 0.70703125 0.5797737556561086 0.015361328125000018 0.07805429864253394
1 0.052705078125 0.6114479638009049 0.016582031250000004 0.07570135746606343
1 0.7060546875 0.40923076923076923 0.015185546874999956 0.07176470588235301
1 0.48876953125 0.42194570135746606 0.01602539062499997 0.0789592760180995
1 0.1982421875 0.4323981900452489 0.016982421874999987 0.07117647058823524
1 0.634765625 0.583710407239819 0.01553710937500008 0.0736651583710406
1 0.271484375 0.6057918552036199 0.016337890625000018 0.0786877828054298
1 0.234990234375 0.4287330316742081 0.016464843750000013 0.07280542986425341
1 0.67138671875 0.582579185520362 0.01602539062500008 0.07542986425339374
1 0.23474609375 0.6080542986425339 0.01640625000000001 0.07542986425339374
1 0.779296875 0.40357466063348413 0.015253906249999893 0.07542986425339374
1 0.52490234375 0.4165610859728507 0.015673828124999956 0.08081447963800911
1 0.380615234375 0.5972850678733032 0.01595703125000003 0.07656108597285075
1 0.77978515625 0.580316742081448 0.01595703124999992 0.08144796380090498
1 0.85302734375 0.5746606334841629 0.01571289062499992 0.0789592760180995
1 0.81640625 0.5775113122171945 0.01602539062500008 0.07927601809954743
1 0.1619921875 0.6142533936651584 0.016660156250000002 0.07601809954751136
1 0.30810546875 0.5990045248868778 0.016337890625000018 0.08144796380090498
1 0.34375 0.6023981900452489 0.016093750000000018 0.07542986425339374
1 0.452392578125 0.41968325791855204 0.016093750000000018 0.07805429864253394
1 0.41650390625 0.5933484162895928 0.016582031250000018 0.0789592760180995
1 0.089599609375 0.6153846153846154 0.01560546874999999 0.0736651583710406
1 0.888671875 0.5746606334841629 0.01602539062500008 0.07683257918552044
1 0.4892578125 0.5888235294117646 0.017304687500000027 0.07959276018099536
1 0.669921875 0.4210859728506787 0.014228515624999938 0.06466063348416286
1 0.59912109375 0.5842986425339366 0.016337890625000018 0.0736651583710406
1 0.92431640625 0.5647511312217195 0.01724609375000008 0.07990950226244355
1 0.343994140625 0.4323981900452489 0.013632812500000036 0.06149321266968327
1 0.416259765625 0.43013574660633486 0.014384765625000018 0.06619909502262442
1 0.56103515625 0.42334841628959274 0.01473632812499992 0.07199095022624433
1 0.125732421875 0.613710407239819 0.016660156250000002 0.07601809954751136
1 0.30712890625 0.4341176470588235 0.014062499999999978 0.06036199095022626
1 0.63330078125 0.4182805429864253 0.014287109375000107 0.06515837104072401
1 0.81494140625 0.41090497737556564 0.014501953124999911 0.06199095022624429
1 0.8876953125 0.39990950226244343 0.014384765625000018 0.06619909502262442
1 0.59716796875 0.41968325791855204 0.01456054687500008 0.06796380090497742
1 0.380126953125 0.4309954751131222 0.014003906250000031 0.06149321266968327
1 0.16248046875 0.4386425339366516 0.014179687499999982 0.06126696832579182
1 0.92431640625 0.39565610859728506 0.014384765625000018 0.06959276018099546
1 0.85205078125 0.40638009049773754 0.01327148437499992 0.06099547511312212
1 0.089599609375 0.4409049773755656 0.013427734375 0.058054298642533995
1 0.050595703125 0.4332579185520362 0.013691406249999996 0.05669683257918553
1 0.125615234375 0.43778280542986425 0.014003906249999976 0.06271493212669689