1 0.5625 0.5995475113122172 0.015019531250000107 0.06719457013574671
1 0.78125 0.5978733031674208 0.014843750000000044 0.07488687782805435
1 0.52587890625 0.4287330316742081 0.015605468750000018 0.0786877828054298
1 0.81689453125 0.5956108597285068 0.01595703124999992 0.07656108597285075
1 0.63525390625 0.5978733031674208 0.01473632812499992 0.0677375565610861
1 0.453369140625 0.42959276018099546 0.015839843750000027 0.0795927601809955
1 0.7080078125 0.5972850678733032 0.015019531250000107 0.07149321266968331
1 0.6708984375 0.4318552036199095 0.013632812500000036 0.06294117647058822
1 0.77978515625 0.4188235294117647 0.015429687499999956 0.07488687782805435
1 0.85400390625 0.5972850678733032 0.014902343749999991 0.07425339366515848
1 0.59912109375 0.5972850678733032 0.015302734375000071 0.06719457013574671
1 0.744140625 0.4228054298642534 0.015605468750000018 0.07312217194570134
1 0.88916015625 0.5933484162895928 0.015605468750000018 0.07628959276018106
1 0.671875 0.5990045248868778 0.014785156250000098 0.0677375565610861
1 0.054111328125 0.614841628959276 0.01548828125 0.07312217194570148
1 0.16296875 0.6165158371040724 0.016220703125000013 0.07312217194570148
1 0.52587890625 0.5984162895927602 0.01595703124999992 0.07090497737556568
1 0.45361328125 0.6006787330316742 0.01595703125000003 0.0700904977375566
1 0.272216796875 0.43778280542986425 0.016582031250000018 0.0786877828054298
1 0.70751953125 0.42194570135746606 0.015185546874999956 0.07312217194570134
1 0.9248046875 0.4182805429864253 0.014228515624999938 0.06746606334841627
1 0.74462890625 0.5961538461538461 0.01456054687500008 0.07176470588235301
1 0.1991015625 0.6131221719457014 0.016279296875000016 0.0739366515837103
1 0.199951171875 0.4386425339366516 0.016660156250000002 0.07280542986425341
1 0.38134765625 0.440316742081448 0.013535156250000013 0.06199095022624429
1 0.30859375 0.44429864253393664 0.013740234375000049 0.059185520361991005
1 0.8154296875 0.42733031674208144 0.013798828125000107 0.061764705882352965
1 0.9267578125 0.5888235294117646 0.016464843749999902 0.08271493212669671
1 0.090390625 0.619366515837104 0.016279296875000016 0.07805429864253394
1 0.343994140625 0.6085972850678733 0.015839843750000027 0.0736651583710406
1 0.417724609375 0.6029411764705882 0.017109374999999982 0.0739366515837103
1 0.63427734375 0.42959276018099546 0.013740234374999938 0.06416289592760184
1 0.489990234375 0.4332579185520362 0.015839843750000027 0.07927601809954755
1 0.48974609375 0.6023981900452489 0.016220703125000013 0.07262443438914032
1 0.88916015625 0.4182805429864253 0.014062500000000089 0.06466063348416286
1 0.381103515625 0.6063348416289592 0.016464843750000013 0.07280542986425328
1 0.8525390625 0.4256108597285068 0.013798828125000107 0.06438914027149317
1 0.271728515625 0.613710407239819 0.016406249999999956 0.07542986425339374
1 0.59814453125 0.4309954751131222 0.013740234374999938 0.06294117647058822
1 0.34521484375 0.44176470588235295 0.013535156250000013 0.06036199095022626
1 0.235107421875 0.613710407239819 0.016982421874999987 0.07542986425339374
1 0.16345703125 0.4479638009049774 0.01363281249999998 0.0587330316742081
1 0.56201171875 0.43552036199095023 0.014335937500000062 0.06393665158371038
1 0.126953125 0.6153846153846154 0.016279296875000016 0.07927601809954743
1 0.30859375 0.6131221719457014 0.015898437499999973 0.07457013574660641
1 0.41796875 0.44176470588235295 0.014062499999999978 0.06438914027149317
1 0.235595703125 0.440316742081448 0.017578125 0.07601809954751136
1 0.090576171875 0.4479638009049774 0.013378906249999989 0.059185520361991005
1 0.12744140625 0.4457013574660634 0.012968749999999973 0.054570135746606345
1 0.05349609375 0.4513574660633484 0.013271484375000003 0.05669683257918553