1 0.9716796875 0.40923076923076923 0.015673828124999956 0.0624434389140272
1 0.53662109375 0.4242081447963801 0.016728515625000107 0.07927601809954755
1 0.281982421875 0.42733031674208144 0.016582031250000018 0.06877828054298638
1 0.5 0.4210859728506787 0.01652343750000007 0.08117647058823528
1 0.572265625 0.42334841628959274 0.016093750000000018 0.07751131221719455
1 0.2451171875 0.4309954751131222 0.016787109375000053 0.06959276018099546
1 0.82666015625 0.41149321266968325 0.01571289062499992 0.07149321266968331
1 0.3173828125 0.42334841628959274 0.017041015625000044 0.07262443438914032
1 0.75390625 0.4160180995475113 0.01473632812499992 0.06828054298642536
1 0.2451171875 0.6080542986425339 0.015537109374999969 0.07719457013574661
1 0.7900390625 0.415158371040724 0.01571289062499992 0.06850678733031668
1 0.6083984375 0.5927601809954751 0.015126953125000009 0.06696832579185526
1 0.2822265625 0.6063348416289592 0.015537109374999969 0.07683257918552044
1 0.10015625 0.6069230769230769 0.0158984375 0.07312217194570148
1 0.8271484375 0.5854298642533936 0.015673828124999956 0.07542986425339374
1 0.317626953125 0.6063348416289592 0.014902343749999991 0.07778280542986424
1 0.463623046875 0.6018099547511312 0.014902343749999991 0.07176470588235301
1 0.75390625 0.5899547511312216 0.014335937500000062 0.06986425339366514
1 0.426513671875 0.6035294117647059 0.015019531249999996 0.07199095022624445
1 0.3544921875 0.6057918552036199 0.014736328125000031 0.07751131221719455
1 0.53662109375 0.5950226244343891 0.015302734375000071 0.07149321266968331
1 0.172490234375 0.6091855203619909 0.015488281250000013 0.07719457013574661
1 0.6806640625 0.5910859728506788 0.015019531250000107 0.06927601809954752
1 0.64453125 0.5938914027149321 0.015078125000000053 0.06642533936651587
1 0.390625 0.6029411764705882 0.015253906250000004 0.07515837104072404
1 0.86279296875 0.5910859728506788 0.015185546874999956 0.07067873303167423
1 0.4990234375 0.5967420814479638 0.015605468750000018 0.06986425339366514
1 0.57275390625 0.5938914027149321 0.015488281249999902 0.0674660633484164
1 0.93603515625 0.584841628959276 0.01595703124999992 0.0784162895927601
1 0.8994140625 0.5922171945701358 0.014785156250000098 0.07117647058823538
1 0.9365234375 0.4100904977375565 0.01400390624999992 0.059864253393665114
1 0.17333984375 0.42787330316742084 0.013740234374999993 0.05941176470588233
1 0.71728515625 0.5922171945701358 0.014843750000000044 0.06877828054298638
1 0.6435546875 0.41968325791855204 0.014902343749999991 0.061764705882352965
1 0.86181640625 0.415158371040724 0.013896484375000018 0.058959276018099555
1 0.7900390625 0.5882352941176471 0.014902343749999991 0.06959276018099546
1 0.8994140625 0.41149321266968325 0.014111328125000044 0.06054298642533935
1 0.135986328125 0.6114479638009049 0.015712890624999976 0.07778280542986424
1 0.71728515625 0.4210859728506787 0.014179687499999982 0.06081447963800904
1 0.46435546875 0.42733031674208144 0.015429687499999956 0.06746606334841627
1 0.209111328125 0.6052036199095022 0.015839843750000027 0.07990950226244355
1 0.68017578125 0.42194570135746606 0.014335937500000062 0.06081447963800904
1 0.20984375 0.42733031674208144 0.013847656250000007 0.06126696832579182
1 0.1366015625 0.42959276018099546 0.013896484375000018 0.059185520361991005
1 0.97216796875 0.5865610859728506 0.01595703124999992 0.08054298642533941
1 0.427734375 0.42787330316742084 0.015361328125000018 0.06221719457013575
1 0.101748046875 0.4323981900452489 0.013740234374999993 0.059185520361991005
1 0.607421875 0.4250678733031674 0.015253906249999893 0.06343891402714937
1 0.391845703125 0.4256108597285068 0.014667968749999982 0.06099547511312212
1 0.35498046875 0.42787330316742084 0.014736328125000031 0.06054298642533935