1 0.71044921875 0.5995475113122172 0.01473632812499992 0.07117647058823538
1 0.7099609375 0.42733031674208144 0.015185546874999956 0.07628959276018106
1 0.5283203125 0.43638009049773757 0.016220703124999902 0.08018099547511312
1 0.74560546875 0.42787330316742084 0.015078125000000053 0.07199095022624433
1 0.7822265625 0.42334841628959274 0.015253906249999893 0.07601809954751136
1 0.455810546875 0.4395022624434389 0.01595703125000003 0.08117647058823528
1 0.7822265625 0.6052036199095022 0.015429687499999956 0.07628959276018106
1 0.491943359375 0.4409049773755656 0.016162109374999956 0.08171945701357466
1 0.564453125 0.6029411764705882 0.015488281249999902 0.0674660633484164
1 0.8916015625 0.6001357466063348 0.015605468750000018 0.07778280542986424
1 0.63720703125 0.6029411764705882 0.015253906249999893 0.06796380090497729
1 0.85498046875 0.6035294117647059 0.014951171874999947 0.0739366515837103
1 0.673828125 0.6035294117647059 0.014667968749999982 0.0674660633484164
1 0.310546875 0.6187782805429864 0.015361328125000018 0.0789592760180995
1 0.60107421875 0.6040723981900452 0.014951171874999947 0.06538461538461533
1 0.12927734375 0.6266968325791855 0.015126953125000009 0.0789592760180995
1 0.455810546875 0.6080542986425339 0.016093750000000018 0.0739366515837103
1 0.92822265625 0.6023981900452489 0.01595703124999992 0.0789592760180995
1 0.274169921875 0.6210407239819005 0.01530273437499996 0.08117647058823528
1 0.4921875 0.6085972850678733 0.015839843750000027 0.07457013574660641
1 0.5283203125 0.6046606334841629 0.01571289062499992 0.06927601809954752
1 0.2381640625 0.6210407239819005 0.015605468750000018 0.08018099547511325
1 0.6728515625 0.43778280542986425 0.014111328125000044 0.06416289592760184
1 0.2744140625 0.4457013574660634 0.01692382812500004 0.0786877828054298
1 0.81884765625 0.6046606334841629 0.015253906249999893 0.0739366515837103
1 0.9267578125 0.4205429864253394 0.014179687499999982 0.06488687782805432
1 0.164921875 0.6289592760180995 0.01567382812500001 0.07805429864253394
1 0.201787109375 0.6233031674208145 0.016093750000000018 0.08081447963800911
1 0.419677734375 0.6114479638009049 0.016162109374999956 0.07312217194570148
1 0.383544921875 0.6142533936651584 0.015839843750000027 0.07488687782805435
1 0.201787109375 0.4479638009049774 0.016523437500000016 0.07488687782805435
1 0.81689453125 0.4309954751131222 0.013740234374999938 0.06126696832579182
1 0.34716796875 0.614841628959276 0.016093750000000018 0.07778280542986424
1 0.599609375 0.43723981900452485 0.014335937500000062 0.06199095022624429
1 0.346435546875 0.4504977375565611 0.013476562499999956 0.060090497737556564
1 0.63623046875 0.43638009049773757 0.014335937500000062 0.06393665158371038
1 0.238408203125 0.4479638009049774 0.016337890625000018 0.07230769230769227
1 0.383056640625 0.4513574660633484 0.013164062500000018 0.0587330316742081
1 0.092529296875 0.6295475113122172 0.01583984375 0.08208144796380085
1 0.74560546875 0.6052036199095022 0.014384765625000018 0.06515837104072388
1 0.56396484375 0.44176470588235295 0.01456054687500008 0.06488687782805432
1 0.056640625 0.6255656108597285 0.016982421874999987 0.07990950226244355
1 0.309814453125 0.449683257918552 0.014453124999999956 0.06271493212669689
1 0.164794921875 0.4567420814479638 0.014228515624999993 0.059864253393665114
1 0.8916015625 0.4250678733031674 0.014111328125000044 0.0636651583710407
1 0.41943359375 0.4488235294117647 0.013378906250000044 0.060090497737556564
1 0.85498046875 0.42787330316742084 0.01400390624999992 0.06393665158371038
1 0.0922265625 0.4584162895927602 0.013124999999999998 0.05565610859728512
1 0.12890625 0.4567420814479638 0.013691406249999982 0.05850678733031677
1 0.056640625 0.46239819004524885 0.013798828124999996 0.059864253393665114