1 0.88916015625 0.5741176470588235 0.015898437499999973 0.07805429864253394
1 0.92529296875 0.5647511312217195 0.01724609375000008 0.08018099547511325
1 0.05099609375 0.4323981900452489 0.01353515625 0.05565610859728512
1 0.05349609375 0.6103167420814479 0.016279296875 0.07601809954751136
1 0.19873046875 0.6080542986425339 0.01567382812500001 0.07280542986425328
1 0.271484375 0.42733031674208144 0.016660156249999947 0.07515837104072404
1 0.235478515625 0.42787330316742084 0.016923828124999984 0.07339366515837104
1 0.198857421875 0.4323981900452489 0.016660156250000002 0.07117647058823524
1 0.452880859375 0.41968325791855204 0.016093750000000018 0.07778280542986424
1 0.4892578125 0.4228054298642534 0.01595703125000003 0.07805429864253394
1 0.525390625 0.4165610859728507 0.01571289062499992 0.08081447963800911
1 0.853515625 0.5749321266968326 0.015605468750000018 0.0784162895927601
1 0.7431640625 0.4078280542986425 0.014785156250000098 0.07425339366515836
1 0.81689453125 0.5766515837104073 0.01627929687500007 0.08018099547511325
1 0.08990234375 0.4409049773755656 0.013427734375 0.0587330316742081
1 0.70751953125 0.5797737556561086 0.015253906249999893 0.07805429864253394
1 0.090087890625 0.6153846153846154 0.015957031250000003 0.07425339366515848
1 0.70703125 0.4086425339366516 0.015078125000000053 0.07117647058823524
1 0.779296875 0.40443438914027147 0.015253906249999893 0.07457013574660629
1 0.7802734375 0.580316742081448 0.015839843750000027 0.08171945701357466
1 0.744140625 0.5797737556561086 0.01553710937500008 0.08081447963800911
1 0.162353515625 0.6142533936651584 0.016523437500000016 0.07570135746606343
1 0.63525390625 0.5831674208144796 0.015488281249999902 0.07339366515837116
1 0.235234375 0.6069230769230769 0.016582031250000018 0.07656108597285075
1 0.30859375 0.5995475113122172 0.016337890625000018 0.08117647058823528
1 0.16296875 0.43778280542986425 0.014062499999999978 0.06081447963800904
1 0.67138671875 0.582579185520362 0.01602539062500008 0.07601809954751136
1 0.344482421875 0.5972850678733032 0.01602539062499997 0.07990950226244355
1 0.27197265625 0.6046606334841629 0.016162109374999956 0.0789592760180995
1 0.52587890625 0.5899547511312216 0.015488281249999902 0.0739366515837103
1 0.5615234375 0.42334841628959274 0.014785156250000098 0.07067873303167423
1 0.126220703125 0.6114479638009049 0.016787109374999998 0.0784162895927601
1 0.4169921875 0.43013574660633486 0.014335937499999951 0.06538461538461533
1 0.4169921875 0.5927601809954751 0.01652343749999996 0.07990950226244355
1 0.3076171875 0.4341176470588235 0.013847656249999951 0.06036199095022626
1 0.45361328125 0.5927601809954751 0.01627929687499996 0.07488687782805435
1 0.81494140625 0.4100904977375565 0.014384765625000018 0.06199095022624429
1 0.92431640625 0.39565610859728506 0.014453124999999956 0.06877828054298638
1 0.599609375 0.584841628959276 0.016464843749999902 0.07542986425339374
1 0.5625 0.5876923076923076 0.015429687499999956 0.0703619909502263
1 0.344482421875 0.4318552036199095 0.013535156250000013 0.06036199095022626
1 0.59814453125 0.41968325791855204 0.014453124999999956 0.06746606334841627
1 0.489501953125 0.5933484162895928 0.016337890625000018 0.07601809954751136
1 0.63427734375 0.4165610859728507 0.014453124999999956 0.06538461538461533
1 0.380859375 0.5972850678733032 0.01595703125000003 0.07719457013574661
1 0.12634765625 0.43778280542986425 0.012871093750000007 0.0547963800904978
1 0.67041015625 0.4205429864253394 0.014228515624999938 0.06466063348416286
1 0.8525390625 0.40638009049773754 0.013222656249999964 0.06081447963800904
1 0.88818359375 0.3984615384615385 0.014287109375000107 0.06642533936651587
1 0.380615234375 0.4309954751131222 0.013847656249999951 0.06099547511312212