1 0.273193359375 0.6142533936651584 0.014785156249999987 0.0829864253393664
1 0.309814453125 0.614841628959276 0.015019531249999996 0.08361990950226253
1 0.23681640625 0.615972850678733 0.015361328125000018 0.08588235294117655
1 0.20056640625 0.61710407239819 0.01567382812500001 0.08574660633484157
1 0.16455078125 0.6210407239819005 0.016093750000000018 0.0876018099547512
1 0.345947265625 0.6103167420814479 0.015429687499999956 0.08271493212669671
1 0.52734375 0.5984162895927602 0.015126953125000009 0.07751131221719455
1 0.382080078125 0.6080542986425339 0.015673828124999956 0.08235294117647053
1 0.128173828125 0.6210407239819005 0.015253906250000004 0.08773755656108591
1 0.454833984375 0.6029411764705882 0.015488281250000013 0.08117647058823528
1 0.491455078125 0.6069230769230769 0.014902343749999991 0.07601809954751136
1 0.0555078125 0.6153846153846154 0.016220703125000013 0.08588235294117655
1 0.74560546875 0.5910859728506788 0.014667968749999982 0.07601809954751136
1 0.418701171875 0.6074660633484162 0.01595703125000003 0.08271493212669671
1 0.091552734375 0.6210407239819005 0.016220703125000013 0.08927601809954759
1 0.63623046875 0.5944796380090498 0.015126953125000009 0.0739366515837103
1 0.81787109375 0.5938914027149321 0.015839843750000027 0.08144796380090498
1 0.56396484375 0.5990045248868778 0.015019531250000107 0.07312217194570148
1 0.70947265625 0.5899547511312216 0.014619140625000027 0.07425339366515848
1 0.85498046875 0.5899547511312216 0.015673828124999956 0.08723981900452477
1 0.89111328125 0.5910859728506788 0.015673828124999956 0.08945701357466056
1 0.599609375 0.5990045248868778 0.01553710937500008 0.07262443438914032
1 0.927734375 0.5927601809954751 0.016728515625000107 0.09135746606334841
1 0.7822265625 0.5882352941176471 0.014843750000000044 0.08018099547511325
1 0.6728515625 0.5950226244343891 0.01473632812499992 0.06904977375565607
1 0.490966796875 0.4256108597285068 0.016093750000000018 0.07751131221719455
1 0.454833984375 0.4264705882352941 0.016162109374999956 0.07656108597285075
1 0.7451171875 0.417420814479638 0.015078125000000053 0.07425339366515836
1 0.52734375 0.4242081447963801 0.015898437499999973 0.07628959276018106
1 0.70947265625 0.4182805429864253 0.015839843750000027 0.07515837104072404
1 0.671875 0.42959276018099546 0.013740234374999938 0.06393665158371038
1 0.63525390625 0.4264705882352941 0.013896484375000018 0.06294117647058822
1 0.85400390625 0.4210859728506787 0.013476562499999956 0.06149321266968327
1 0.78125 0.4165610859728507 0.015078125000000053 0.07199095022624433
1 0.890625 0.41375565610859727 0.01358398437500008 0.06054298642533935
1 0.81689453125 0.4228054298642534 0.013740234374999938 0.06271493212669689
1 0.237548828125 0.43497737556561084 0.017441406250000013 0.06828054298642536
1 0.273681640625 0.43778280542986425 0.016464843750000013 0.06538461538461533
1 0.382568359375 0.43552036199095023 0.013378906250000044 0.059185520361991005
1 0.20056640625 0.4386425339366516 0.016923828124999984 0.06642533936651587
1 0.34619140625 0.43723981900452485 0.013378906250000044 0.057149321266968305
1 0.92626953125 0.4123529411764706 0.01456054687500008 0.0657013574660634
1 0.56298828125 0.4309954751131222 0.01456054687500008 0.06221719457013575
1 0.164921875 0.440316742081448 0.013691406249999982 0.059864253393665114
1 0.309326171875 0.4386425339366516 0.013583984374999969 0.05760180995475109
1 0.418701171875 0.43778280542986425 0.013583984374999969 0.0587330316742081
1 0.599609375 0.42733031674208144 0.014335937500000062 0.061764705882352965
1 0.092041015625 0.4395022624434389 0.01369140625000001 0.05565610859728512
1 0.05560546875 0.4434389140271493 0.014619140624999999 0.05669683257918553
1 0.12890625 0.4395022624434389 0.012529296874999984 0.0547963800904978