0 0.0541015625 0.4671493212669683 0.029306640625000005 0.20461538461538462
0 0.1669921875 0.5882352941176471 0.018369140625000002 0.09312217194570128
0 0.098525390625 0.6596380090497738 0.021806640625000012 0.17800904977375553
0 0.345703125 0.4065610859728507 0.02587890625 0.11013574660633486
0 0.3830078125 0.5994117647058823 0.029755859375000027 0.1177375565610859
0 0.455517578125 0.5958371040723982 0.030576171874999947 0.1093212669683259
0 0.7085546875 0.43149321266968327 0.0335839843750001 0.14760180995475114
0 0.6335546875 0.4401357466063348 0.031777343749999964 0.15932126696832583
0 0.812080078125 0.4291402714932127 0.029101562499999956 0.1910859728506787
0 0.82138671875 0.5780090497737556 0.01927734375000001 0.07488687782805435
0 0.058017578125 0.6117194570135747 0.018173828125000013 0.07257918552036208
0 0.19919921875 0.38140271493212674 0.043154296875 0.19995475113122171
0 0.130078125 0.46588235294117647 0.02387695312499999 0.14751131221719455
0 0.274609375 0.46294117647058824 0.02303710937500003 0.16886877828054295
0 0.2092578125 0.6075565610859729 0.02806640625000001 0.1048416289592761
0 0.240048828125 0.6308597285067873 0.02010742187500003 0.16303167420814493
0 0.309580078125 0.6404524886877828 0.02399414062500005 0.15927601809954747
0 0.415615234375 0.4595475113122172 0.027958984374999996 0.17683257918552028
0 0.487783203125 0.4323981900452489 0.03475585937499992 0.12253393665158364
0 0.5306640625 0.6302262443438914 0.019267578125000018 0.18556561085972847
0 0.56107421875 0.45253393665158376 0.030224609375000044 0.16280542986425334
0 0.596298828125 0.6309502262443438 0.03195312500000003 0.1552941176470588
0 0.673349609375 0.6057466063348417 0.02506835937500007 0.11203619909502259
0 0.77642578125 0.5824434389140272 0.03402343749999992 0.11203619909502259
0 0.7469140625 0.6083257918552036 0.02116210937500007 0.13606334841628956
0 0.852626953125 0.5865158371040724 0.027031250000000062 0.11728506787330324
0 0.880205078125 0.46723981900452494 0.045703124999999956 0.1690045248868778
0 0.928125 0.5938461538461539 0.026259765625000098 0.13628959276018102
0 0.747958984375 0.41294117647058826 0.01960937499999993 0.10547511312217196
0 0.782099609375 0.4113122171945702 0.023457031249999982 0.10221719457013576
0 0.856865234375 0.40805429864253395 0.018906249999999902 0.10221719457013576
0 0.45515625 0.4193212669683258 0.026386718749999982 0.1318099547511312
1 0.09400390625 0.4470135746606335 0.016494140625000014 0.07257918552036195
1 0.23974609375 0.42787330316742084 0.016464843750000013 0.07176470588235301
1 0.42279296875 0.5960180995475113 0.01937500000000003 0.07642533936651577
0 0.927734375 0.4058371040723982 0.015673828124999956 0.07262443438914032
0 0.276708984375 0.6038461538461538 0.015224609375000031 0.063393665158371
1 0.131806640625 0.6033031674208146 0.01419921875000002 0.05846153846153854
0 0.167587890625 0.4421719457013575 0.015458984374999984 0.08651583710407242
0 0.31166015625 0.4272850678733032 0.015683593749999947 0.07230769230769227
0 0.530400390625 0.41909502262443443 0.016464843749999902 0.08135746606334837
1 0.4947265625 0.5916289592760181 0.015683593749999947 0.07040723981900454
1 0.38345703125 0.42303167420814475 0.013457031249999973 0.06384615384615377
1 0.34974609375 0.596787330316742 0.015029296874999987 0.06977375565610867
1 0.5673828125 0.5876923076923076 0.015156249999999982 0.06615384615384617
1 0.6023828125 0.4212669683257918 0.017822265625 0.07352941176470588
0 0.63974609375 0.5836199095022624 0.0146484375 0.07796380090497745
0 0.67525390625 0.42058823529411765 0.016787109375000053 0.06714932126696835
0 0.71220703125 0.5826244343891402 0.015615234375000009 0.07000000000000012
0 0.8947265625 0.5702262443438915 0.01636718749999999 0.07497737556561083