1 0.92578125 0.42733031674208144 0.014287109375000107 0.06438914027149317
1 0.45458984375 0.4409049773755656 0.01602539062499997 0.08298642533936654
1 0.56396484375 0.6091855203619909 0.015253906249999893 0.06904977375565607
1 0.49169921875 0.4434389140271493 0.015898437499999973 0.08638009049773757
1 0.7822265625 0.612579185520362 0.015185546874999956 0.07656108597285075
1 0.8544921875 0.6063348416289592 0.014951171874999947 0.07805429864253394
1 0.45458984375 0.612579185520362 0.015673828124999956 0.07425339366515848
1 0.6357421875 0.6091855203619909 0.014902343749999991 0.06828054298642523
1 0.27294921875 0.6233031674208145 0.015537109374999969 0.08117647058823528
1 0.382568359375 0.619366515837104 0.016220703125000013 0.07778280542986424
1 0.1279296875 0.6278280542986425 0.015361328125000018 0.0786877828054298
1 0.927734375 0.6040723981900452 0.015839843750000027 0.08171945701357466
1 0.6728515625 0.6080542986425339 0.014335937500000062 0.06828054298642523
1 0.70849609375 0.6080542986425339 0.014453124999999956 0.07199095022624445
1 0.199951171875 0.6255656108597285 0.015898437499999973 0.08208144796380085
1 0.52734375 0.4341176470588235 0.015673828124999956 0.09099547511312224
1 0.4189453125 0.6142533936651584 0.015537109374999969 0.07457013574660641
1 0.4912109375 0.6119909502262444 0.015839843750000027 0.0739366515837103
1 0.60009765625 0.6097285067873304 0.015078125000000053 0.0677375565610861
1 0.74560546875 0.6085972850678733 0.014902343749999991 0.0739366515837103
1 0.345703125 0.620497737556561 0.015673828124999956 0.0789592760180995
1 0.163818359375 0.6289592760180995 0.015957031249999976 0.07959276018099536
1 0.309326171875 0.6210407239819005 0.015898437499999973 0.08018099547511325
1 0.81640625 0.43723981900452485 0.01400390624999992 0.0636651583710407
1 0.8173828125 0.6091855203619909 0.015302734375000071 0.07656108597285075
1 0.52685546875 0.6080542986425339 0.015185546874999956 0.07230769230769239
1 0.89111328125 0.6040723981900452 0.015361328125000018 0.07959276018099536
1 0.272705078125 0.447420814479638 0.017382812499999956 0.0786877828054298
1 0.89013671875 0.4318552036199095 0.01358398437500008 0.0624434389140272
1 0.74462890625 0.43638009049773757 0.015185546874999956 0.07366515837104073
1 0.091552734375 0.6300904977375565 0.015781249999999997 0.08271493212669671
1 0.23681640625 0.6227601809954751 0.015898437499999973 0.08171945701357466
1 0.78076171875 0.43013574660633486 0.015078125000000053 0.07515837104072404
1 0.67138671875 0.4434389140271493 0.013847656250000062 0.06438914027149317
1 0.34521484375 0.4513574660633484 0.013691406249999982 0.06099547511312212
1 0.2371875 0.44656108597285066 0.016660156250000002 0.07601809954751136
1 0.163701171875 0.45760180995475114 0.014003906249999976 0.05963800904977379
1 0.85400390625 0.4332579185520362 0.014062500000000089 0.06316742081447968
1 0.5986328125 0.4409049773755656 0.013691406249999982 0.06294117647058822
1 0.382080078125 0.4513574660633484 0.014111328125000044 0.06316742081447968
1 0.708984375 0.43497737556561084 0.015673828124999956 0.07601809954751136
1 0.09087890625 0.4592760180995475 0.013535156250000013 0.058054298642533995
1 0.634765625 0.4409049773755656 0.014287109375000107 0.06642533936651587
1 0.054990234375 0.6255656108597285 0.016787109374999998 0.07719457013574661
1 0.2001953125 0.4513574660633484 0.016093750000000018 0.07280542986425341
1 0.30859375 0.45361990950226244 0.014619140625000027 0.06126696832579182
1 0.1279296875 0.4584162895927602 0.013164062500000018 0.05737556561085976
1 0.41796875 0.45194570135746603 0.014287109374999996 0.06393665158371038
1 0.054501953125 0.4632579185520362 0.013164062500000004 0.0531221719457014
1 0.56201171875 0.4479638009049774 0.014501953124999911 0.0636651583710407