1 0.281005859375 0.4488235294117647 0.016220703125000013 0.07312217194570134
1 0.24451171875 0.4479638009049774 0.016220703125000013 0.07425339366515836
1 0.8623046875 0.6114479638009049 0.015605468750000018 0.08334841628959283
1 0.78955078125 0.612579185520362 0.01571289062499992 0.07778280542986424
1 0.826171875 0.614841628959276 0.015429687499999956 0.0829864253393664
1 0.53515625 0.618235294117647 0.015898437499999973 0.08117647058823528
1 0.244384765625 0.6284162895927602 0.016162109374999956 0.08674208144796387
1 0.426513671875 0.6216289592760181 0.015605468750000018 0.08384615384615372
1 0.49853515625 0.6165158371040724 0.01571289062499992 0.08117647058823528
1 0.5712890625 0.6131221719457014 0.01578125000000008 0.07628959276018106
1 0.607421875 0.6108597285067874 0.015429687499999956 0.07280542986425328
1 0.353515625 0.6244343891402715 0.015673828124999956 0.08610859728506776
1 0.3173828125 0.6244343891402715 0.015673828124999956 0.08977375565610848
1 0.39013671875 0.6244343891402715 0.01595703125000003 0.08624434389140273
1 0.1717578125 0.6300904977375565 0.015957031249999976 0.08696832579185533
1 0.64453125 0.6119909502262444 0.014902343749999991 0.0703619909502263
1 0.3173828125 0.44484162895927604 0.016728515624999996 0.07656108597285075
1 0.281005859375 0.6261538461538462 0.015429687499999956 0.09036199095022637
1 0.20837890625 0.6318099547511312 0.016025390625000024 0.08384615384615372
1 0.46240234375 0.620497737556561 0.01578124999999997 0.0839819004524887
1 0.75341796875 0.6114479638009049 0.014667968749999982 0.07199095022624445
1 0.78857421875 0.4323981900452489 0.015673828124999956 0.07176470588235301
1 0.53564453125 0.442579185520362 0.01652343750000007 0.08361990950226239
1 0.8984375 0.6119909502262444 0.015302734375000071 0.08235294117647053
1 0.498779296875 0.44176470588235295 0.01578125000000008 0.08334841628959283
1 0.71728515625 0.6119909502262444 0.014843750000000044 0.0736651583710406
1 0.8251953125 0.4318552036199095 0.015429687499999956 0.07262443438914032
1 0.135625 0.6300904977375565 0.015302734375000016 0.08674208144796387
1 0.751953125 0.4332579185520362 0.015185546874999956 0.07280542986425341
1 0.68017578125 0.6131221719457014 0.014501953124999911 0.06927601809954752
1 0.86083984375 0.4386425339366516 0.014785156250000098 0.06271493212669689
1 0.5712890625 0.4386425339366516 0.015429687499999956 0.08171945701357466
1 0.935546875 0.6108597285067874 0.014951171874999947 0.08144796380090498
1 0.426025390625 0.45194570135746603 0.013378906250000044 0.05941176470588233
1 0.7158203125 0.44484162895927604 0.014062500000000089 0.06316742081447968
1 0.64306640625 0.4434389140271493 0.013632812500000036 0.06221719457013575
1 0.6796875 0.44176470588235295 0.013955078124999964 0.06149321266968327
1 0.462646484375 0.4544796380090498 0.013535156250000013 0.06294117647058822
1 0.3896484375 0.449683257918552 0.013896484375000018 0.06036199095022626
1 0.9716796875 0.6085972850678733 0.01571289062499992 0.0866063348416289
1 0.60693359375 0.4479638009049774 0.013955078124999964 0.06149321266968327
1 0.8984375 0.4332579185520362 0.01400390624999992 0.059185520361991005
1 0.9345703125 0.43013574660633486 0.014111328125000044 0.06271493212669689
1 0.09966796875 0.6250226244343892 0.015781249999999997 0.08348416289592756
1 0.9697265625 0.4309954751131222 0.014902343749999991 0.06393665158371038
1 0.208134765625 0.4544796380090498 0.014335937500000007 0.0624434389140272
1 0.35302734375 0.4527601809954751 0.014111328125000044 0.06099547511312212
1 0.1717578125 0.45533936651583706 0.01395507812500002 0.060090497737556564
1 0.135380859375 0.4544796380090498 0.013330078124999978 0.0587330316742081
1 0.098935546875 0.4584162895927602 0.014453125000000011 0.059185520361991005