1 0.05697265625 0.42959276018099546 0.013378906249999989 0.05850678733031677
1 0.599609375 0.4100904977375565 0.014335937500000062 0.06054298642533935
1 0.6728515625 0.5797737556561086 0.015302734375000071 0.07515837104072404
1 0.7822265625 0.5755203619909502 0.01473632812499992 0.07751131221719455
1 0.564453125 0.582579185520362 0.015488281249999902 0.06927601809954752
1 0.345703125 0.5961538461538461 0.015185546874999956 0.07990950226244355
1 0.6005859375 0.580316742081448 0.015361328125000018 0.0703619909502263
1 0.237431640625 0.42194570135746606 0.016464843750000013 0.07339366515837104
1 0.74560546875 0.5760633484162896 0.014619140625000027 0.07719457013574661
1 0.92724609375 0.5695927601809955 0.01602539062500008 0.07990950226244355
1 0.346435546875 0.42334841628959274 0.014111328125000044 0.058959276018099555
1 0.491943359375 0.583710407239819 0.015605468750000018 0.07280542986425328
1 0.383056640625 0.42194570135746606 0.014384765625000018 0.06054298642533935
1 0.7099609375 0.5766515837104073 0.014785156250000098 0.0736651583710406
1 0.309814453125 0.4264705882352941 0.014287109374999996 0.06036199095022626
1 0.419189453125 0.5910859728506788 0.01578124999999997 0.0736651583710406
1 0.455078125 0.41375565610859727 0.016220703125000013 0.07542986425339374
1 0.165283203125 0.4287330316742081 0.014335937500000007 0.06271493212669689
1 0.85498046875 0.5726696832579186 0.014785156250000098 0.07457013574660641
1 0.45556640625 0.5871040723981901 0.015537109374999969 0.07262443438914032
1 0.78173828125 0.3984615384615385 0.01456054687500008 0.06828054298642536
1 0.2010546875 0.4250678733031674 0.017304687500000027 0.07312217194570134
1 0.6357421875 0.4086425339366516 0.01400390624999992 0.06099547511312212
1 0.708984375 0.40271493212669685 0.015605468750000018 0.06850678733031668
1 0.56298828125 0.41375565610859727 0.014902343749999991 0.06221719457013575
1 0.23779296875 0.6001357466063348 0.01567382812500001 0.08054298642533941
1 0.128056640625 0.6074660633484162 0.015302734375000016 0.07990950226244355
1 0.49169921875 0.4165610859728507 0.01571289062500003 0.07393665158371042
1 0.74462890625 0.4013122171945701 0.015126953125000009 0.06665158371040719
1 0.2734375 0.4205429864253394 0.01652343749999996 0.07262443438914032
1 0.092041015625 0.42959276018099546 0.013847656250000007 0.05963800904977379
1 0.81884765625 0.5741176470588235 0.015302734375000071 0.07683257918552044
1 0.383056640625 0.5967420814479638 0.015185546874999956 0.07570135746606343
1 0.52783203125 0.4146153846153846 0.016162109374999956 0.07312217194570134
1 0.164677734375 0.6074660633484162 0.015957031249999976 0.08081447963800911
1 0.273193359375 0.6029411764705882 0.015898437499999973 0.0789592760180995
1 0.89111328125 0.5681447963800905 0.015673828124999956 0.0789592760180995
1 0.81689453125 0.39990950226244343 0.014111328125000044 0.05828054298642532
1 0.200927734375 0.6035294117647059 0.015898437499999973 0.0784162895927601
1 0.128544921875 0.42787330316742084 0.013798828124999996 0.06126696832579182
1 0.09185546875 0.6108597285067874 0.01536132812499999 0.08018099547511325
1 0.63623046875 0.5809049773755656 0.014667968749999982 0.06959276018099546
1 0.31005859375 0.6023981900452489 0.01571289062500003 0.07805429864253394
1 0.52783203125 0.5842986425339366 0.014785156250000098 0.06927601809954752
1 0.4189453125 0.42194570135746606 0.015185546874999956 0.06515837104072401
1 0.9267578125 0.3914027149321267 0.013632812500000036 0.06438914027149317
1 0.85400390625 0.39506787330316745 0.013847656250000062 0.06054298642533935
1 0.89013671875 0.39226244343891403 0.014111328125000044 0.0636651583710407
1 0.671875 0.40923076923076923 0.013896484375000018 0.059864253393665114
1 0.05572265625 0.6074660633484162 0.01567382812500001 0.07751131221719455