1 0.7099609375 0.42787330316742084 0.01473632812499992 0.06904977375565607
1 0.78173828125 0.4210859728506787 0.014384765625000018 0.07280542986425341
1 0.74560546875 0.4250678733031674 0.015019531250000107 0.07117647058823524
1 0.564453125 0.5990045248868778 0.015253906249999893 0.06570135746606326
1 0.0558203125 0.619366515837104 0.015712890625000003 0.07312217194570148
1 0.6005859375 0.6023981900452489 0.014667968749999982 0.06316742081447954
1 0.45556640625 0.43778280542986425 0.01602539062499997 0.07542986425339374
1 0.7099609375 0.5956108597285068 0.014287109375000107 0.06828054298642523
1 0.89208984375 0.5972850678733032 0.015673828124999956 0.07230769230769239
1 0.52734375 0.6018099547511312 0.014951171874999947 0.06570135746606326
1 0.455322265625 0.6046606334841629 0.01595703125000003 0.06719457013574671
1 0.52783203125 0.4332579185520362 0.01652343750000007 0.0786877828054298
1 0.419189453125 0.6080542986425339 0.015839843750000027 0.06850678733031668
1 0.67333984375 0.6001357466063348 0.013847656250000062 0.06488687782805419
1 0.78271484375 0.6006787330316742 0.014667968749999982 0.07199095022624445
1 0.092041015625 0.6227601809954751 0.01560546874999999 0.0739366515837103
1 0.81884765625 0.5972850678733032 0.015673828124999956 0.07570135746606343
1 0.345703125 0.6114479638009049 0.015126953125000009 0.06986425339366514
1 0.491455078125 0.6035294117647059 0.01530273437499996 0.06570135746606326
1 0.491943359375 0.43497737556561084 0.015898437499999973 0.07542986425339374
1 0.67236328125 0.43723981900452485 0.01358398437500008 0.06081447963800904
1 0.273681640625 0.614841628959276 0.01530273437499996 0.07176470588235301
1 0.27392578125 0.4409049773755656 0.016728515624999996 0.07601809954751136
1 0.63623046875 0.6001357466063348 0.015185546874999956 0.0643891402714933
1 0.38330078125 0.6080542986425339 0.01578124999999997 0.06904977375565607
1 0.89013671875 0.41968325791855204 0.014287109375000107 0.06036199095022626
1 0.20154296875 0.44656108597285066 0.017851562499999973 0.07425339366515836
1 0.85498046875 0.5972850678733032 0.015185546874999956 0.06986425339366514
1 0.74609375 0.6001357466063348 0.01456054687500008 0.06796380090497729
1 0.20068359375 0.6165158371040724 0.015712890624999976 0.07117647058823538
1 0.81689453125 0.43013574660633486 0.013476562499999956 0.06199095022624429
1 0.12841796875 0.620497737556561 0.014843749999999989 0.07280542986425328
1 0.92626953125 0.4188235294117647 0.014335937500000062 0.0636651583710407
1 0.3095703125 0.6119909502262444 0.01571289062500003 0.0700904977375566
1 0.2381640625 0.442579185520362 0.016660156250000002 0.07425339366515836
1 0.164794921875 0.6216289592760181 0.015957031249999976 0.07280542986425328
1 0.92822265625 0.5916289592760181 0.01717773437499992 0.08361990950226253
1 0.4189453125 0.4479638009049774 0.013027343750000031 0.05941176470588233
1 0.599609375 0.4341176470588235 0.013427734375 0.06149321266968327
1 0.5634765625 0.4386425339366516 0.014062500000000089 0.0624434389140272
1 0.237919921875 0.6142533936651584 0.01616210937500001 0.07488687782805435
1 0.85498046875 0.4287330316742081 0.013427734375 0.06316742081447968
1 0.6357421875 0.4341176470588235 0.013378906250000044 0.06271493212669689
1 0.382568359375 0.447420814479638 0.013535156250000013 0.05963800904977379
1 0.346435546875 0.4457013574660634 0.013330078124999978 0.05782805429864254
1 0.164794921875 0.4527601809954751 0.013847656250000007 0.06081447963800904
1 0.12890625 0.4544796380090498 0.013378906249999989 0.058959276018099555
1 0.31005859375 0.4479638009049774 0.014179687499999982 0.06036199095022626
1 0.09185546875 0.4544796380090498 0.012724609375000001 0.05542986425339366
1 0.0558203125 0.45533936651583706 0.012919921875000004 0.05760180995475109