1 0.63427734375 0.4287330316742081 0.014179687499999982 0.05963800904977379
1 0.2724609375 0.614841628959276 0.015126953125000009 0.07280542986425328
1 0.16259765625 0.618235294117647 0.015253906250000004 0.07176470588235301
1 0.3447265625 0.43778280542986425 0.013896484375000018 0.059185520361991005
1 0.3447265625 0.6103167420814479 0.015078125000000053 0.07090497737556568
1 0.5986328125 0.5972850678733032 0.015126953125000009 0.06665158371040732
1 0.74365234375 0.4205429864253394 0.015126953125000009 0.06796380090497742
1 0.053984375 0.6176470588235294 0.015605468750000004 0.06927601809954752
1 0.853515625 0.5899547511312216 0.01473632812499992 0.07117647058823538
1 0.199345703125 0.6142533936651584 0.015253906250000004 0.07262443438914032
1 0.70751953125 0.4205429864253394 0.015302734375000071 0.07090497737556556
1 0.77978515625 0.4165610859728507 0.015361328125000018 0.07339366515837104
1 0.634765625 0.5961538461538461 0.015302734375000071 0.0643891402714933
1 0.59814453125 0.42959276018099546 0.014062500000000089 0.059864253393665114
1 0.30859375 0.6119909502262444 0.015019531249999996 0.07280542986425328
1 0.489990234375 0.6035294117647059 0.015429687499999956 0.06719457013574671
1 0.41748046875 0.6052036199095022 0.015361328125000018 0.06927601809954752
1 0.2362109375 0.6119909502262444 0.01616210937500001 0.07570135746606343
1 0.381591796875 0.6080542986425339 0.015537109374999969 0.06877828054298638
1 0.70703125 0.5961538461538461 0.014902343749999991 0.06796380090497729
1 0.67138671875 0.5956108597285068 0.01456054687500008 0.06538461538461533
1 0.7802734375 0.5927601809954751 0.014619140625000027 0.06927601809954752
1 0.16345703125 0.442579185520362 0.014384765625000018 0.06081447963800904
1 0.5625 0.5990045248868778 0.015253906249999893 0.06466063348416298
1 0.5615234375 0.4332579185520362 0.014335937500000062 0.06271493212669689
1 0.381103515625 0.43552036199095023 0.014003906250000031 0.061764705882352965
1 0.6708984375 0.42733031674208144 0.01400390624999992 0.06199095022624429
1 0.81640625 0.5933484162895928 0.015302734375000071 0.0703619909502263
1 0.45361328125 0.6040723981900452 0.015361328125000018 0.06570135746606326
1 0.12732421875 0.4409049773755656 0.013583984375000024 0.05828054298642532
1 0.52587890625 0.6001357466063348 0.015126953125000009 0.06538461538461533
1 0.9267578125 0.5910859728506788 0.016093750000000018 0.07719457013574661
1 0.307861328125 0.440316742081448 0.014560546874999969 0.06054298642533935
1 0.12646484375 0.618235294117647 0.015537109375000024 0.07312217194570148
1 0.0902734375 0.620497737556561 0.015712890625000003 0.07262443438914032
1 0.74462890625 0.5922171945701358 0.014619140625000027 0.06642533936651587
1 0.272216796875 0.43723981900452485 0.016464843750000013 0.07656108597285075
1 0.8525390625 0.417420814479638 0.014287109375000107 0.05782805429864254
1 0.8896484375 0.5916289592760181 0.015185546874999956 0.0736651583710406
1 0.1991015625 0.440316742081448 0.016845703125 0.07312217194570134
1 0.5263671875 0.4309954751131222 0.016982421875000098 0.0784162895927601
1 0.09125 0.44176470588235295 0.01369140625000001 0.06081447963800904
1 0.888671875 0.415158371040724 0.014335937500000062 0.06036199095022626
1 0.8154296875 0.41968325791855204 0.014453124999999956 0.06054298642533935
1 0.41748046875 0.43723981900452485 0.014843750000000044 0.06438914027149317
1 0.2362109375 0.43723981900452485 0.016728515624999996 0.07366515837104073
1 0.45361328125 0.4318552036199095 0.017519531250000053 0.07628959276018106
1 0.490234375 0.4323981900452489 0.01652343749999996 0.0784162895927601
1 0.92529296875 0.41289592760180993 0.014384765625000018 0.06416289592760184
1 0.054501953125 0.44176470588235295 0.014179687499999996 0.059185520361991005