1 0.054619140625 0.6238461538461538 0.015156249999999996 0.06760180995475112
1 0.0902734375 0.6187782805429864 0.015537109374999997 0.06959276018099546
1 0.16296875 0.6187782805429864 0.015712890624999976 0.06904977375565607
1 0.9267578125 0.5865610859728506 0.016220703124999902 0.07570135746606343
1 0.235966796875 0.612579185520362 0.015429687500000011 0.07117647058823538
1 0.127568359375 0.6187782805429864 0.015078124999999998 0.06877828054298638
1 0.890625 0.5927601809954751 0.01578125000000008 0.0703619909502263
1 0.78076171875 0.5995475113122172 0.015361328125000018 0.07067873303167423
1 0.199345703125 0.6153846153846154 0.015537109375000024 0.0703619909502263
1 0.2724609375 0.6131221719457014 0.015185546874999956 0.06850678733031668
1 0.200078125 0.4434389140271493 0.016025390625000024 0.07067873303167423
1 0.81787109375 0.5972850678733032 0.015253906249999893 0.06986425339366514
1 0.708984375 0.5956108597285068 0.015185546874999956 0.0643891402714933
1 0.49072265625 0.6018099547511312 0.016162109374999956 0.06696832579185526
1 0.85400390625 0.5961538461538461 0.014667968749999982 0.06570135746606326
1 0.3447265625 0.6080542986425339 0.015185546874999956 0.06796380090497729
1 0.74462890625 0.5961538461538461 0.014902343749999991 0.06796380090497729
1 0.41796875 0.6035294117647059 0.016337890625000018 0.0674660633484164
1 0.5263671875 0.6001357466063348 0.015488281249999902 0.06642533936651587
1 0.45361328125 0.6023981900452489 0.015253906250000004 0.06515837104072388
1 0.56298828125 0.6006787330316742 0.014667968749999982 0.06488687782805419
1 0.599609375 0.5995475113122172 0.014785156250000098 0.0624434389140272
1 0.30908203125 0.6103167420814479 0.01530273437499996 0.06904977375565607
1 0.671875 0.5972850678733032 0.015019531250000107 0.0624434389140272
1 0.091064453125 0.4504977375565611 0.014062500000000006 0.05760180995475109
1 0.7080078125 0.4250678733031674 0.015185546874999956 0.06904977375565607
1 0.272705078125 0.4386425339366516 0.016728515624999996 0.0784162895927601
1 0.45361328125 0.4341176470588235 0.016728515624999996 0.07751131221719455
1 0.52685546875 0.4341176470588235 0.015673828124999956 0.07628959276018106
1 0.6357421875 0.5990045248868778 0.01553710937500008 0.06416289592760184
1 0.381591796875 0.6063348416289592 0.015185546874999956 0.06665158371040732
1 0.490478515625 0.43723981900452485 0.01595703125000003 0.07805429864253394
1 0.418212890625 0.44484162895927604 0.014179687499999982 0.06199095022624429
1 0.7802734375 0.4205429864253394 0.014335937500000062 0.07067873303167423
1 0.2371875 0.442579185520362 0.016582031250000018 0.07067873303167423
1 0.744140625 0.4242081447963801 0.015019531250000107 0.06986425339366514
1 0.92578125 0.4160180995475113 0.014111328125000044 0.06221719457013575
1 0.16345703125 0.4504977375565611 0.014287109374999996 0.06054298642533935
1 0.634765625 0.4341176470588235 0.013740234374999938 0.06221719457013575
1 0.5625 0.440316742081448 0.013847656250000062 0.06099547511312212
1 0.3447265625 0.44429864253393664 0.01277343750000004 0.057149321266968305
1 0.30859375 0.4457013574660634 0.013632812500000036 0.058959276018099555
1 0.127685546875 0.449683257918552 0.012675781250000018 0.05542986425339366
1 0.88916015625 0.4182805429864253 0.014111328125000044 0.06081447963800904
1 0.6708984375 0.43497737556561084 0.013222656249999964 0.060090497737556564
1 0.381591796875 0.442579185520362 0.013125000000000053 0.05828054298642532
1 0.853515625 0.4264705882352941 0.013691406249999982 0.06149321266968327
1 0.81591796875 0.42733031674208144 0.013955078124999964 0.06081447963800904
1 0.5986328125 0.43497737556561084 0.013125000000000053 0.059185520361991005
1 0.054287109375 0.4567420814479638 0.012529296874999998 0.053303167420814486