1 0.93603515625 0.42194570135746606 0.013955078124999964 0.06081447963800904
1 0.828125 0.4228054298642534 0.016464843749999902 0.07719457013574661
1 0.791015625 0.4242081447963801 0.016464843749999902 0.07393665158371042
1 0.89990234375 0.42194570135746606 0.01456054687500008 0.06126696832579182
1 0.7548828125 0.42194570135746606 0.015898437499999973 0.07199095022624433
1 0.86474609375 0.6023981900452489 0.015673828124999956 0.0784162895927601
1 0.7548828125 0.6018099547511312 0.015126953125000009 0.07090497737556568
1 0.57275390625 0.42959276018099546 0.01602539062500008 0.07457013574660629
1 0.609375 0.6057918552036199 0.015839843750000027 0.07067873303167423
1 0.53662109375 0.6114479638009049 0.015605468750000018 0.07230769230769239
1 0.35498046875 0.6165158371040724 0.01595703125000003 0.07656108597285075
1 0.97216796875 0.4182805429864253 0.01456054687500008 0.06515837104072401
1 0.28369140625 0.4386425339366516 0.016406249999999956 0.06515837104072401
1 0.537109375 0.4323981900452489 0.016337890625000018 0.07425339366515836
1 0.5009765625 0.4332579185520362 0.016982421875000098 0.07262443438914032
1 0.31982421875 0.43638009049773757 0.017519531250000053 0.06642533936651587
1 0.3193359375 0.618235294117647 0.015488281250000013 0.0789592760180995
1 0.1737109375 0.6221719457013575 0.01567382812500001 0.0786877828054298
1 0.391845703125 0.6142533936651584 0.01595703125000003 0.07719457013574661
1 0.5732421875 0.6063348416289592 0.015429687499999956 0.06927601809954752
1 0.246337890625 0.619366515837104 0.015839843750000027 0.07778280542986424
1 0.71826171875 0.4318552036199095 0.014384765625000018 0.06271493212669689
1 0.828125 0.6023981900452489 0.015429687499999956 0.07570135746606343
1 0.1014453125 0.6187782805429864 0.015957031250000003 0.07959276018099536
1 0.9736328125 0.6001357466063348 0.016220703124999902 0.08859728506787323
1 0.900390625 0.6046606334841629 0.015488281249999902 0.07683257918552044
1 0.5009765625 0.6080542986425339 0.015673828124999956 0.07090497737556568
1 0.464599609375 0.6103167420814479 0.01571289062500003 0.07280542986425328
1 0.6826171875 0.6018099547511312 0.015078125000000053 0.06986425339366514
1 0.42822265625 0.43778280542986425 0.013632812500000036 0.05647058823529407
1 0.64599609375 0.6035294117647059 0.01473632812499992 0.06850678733031668
1 0.6455078125 0.4318552036199095 0.014228515624999938 0.059864253393665114
1 0.427734375 0.6153846153846154 0.015839843750000027 0.07230769230769239
1 0.137939453125 0.4395022624434389 0.014179687499999982 0.05850678733031677
1 0.282470703125 0.6187782805429864 0.01571289062500003 0.0784162895927601
1 0.246337890625 0.442579185520362 0.016845703125 0.06592760180995472
1 0.174560546875 0.4395022624434389 0.014062499999999978 0.05850678733031677
1 0.791015625 0.6023981900452489 0.016093750000000018 0.07312217194570148
1 0.681640625 0.4318552036199095 0.013896484375000018 0.059185520361991005
1 0.209599609375 0.6227601809954751 0.015605468750000018 0.07751131221719455
1 0.21044921875 0.4409049773755656 0.01395507812500002 0.05850678733031677
1 0.39208984375 0.4332579185520362 0.013632812500000036 0.05669683257918553
1 0.9375 0.5978733031674208 0.016093750000000018 0.08235294117647053
1 0.35546875 0.43723981900452485 0.014228515625000049 0.0587330316742081
1 0.137333984375 0.6221719457013575 0.015712890624999976 0.08429864253393662
1 0.101748046875 0.442579185520362 0.01369140625000001 0.05696832579185522
1 0.86279296875 0.4250678733031674 0.014667968749999982 0.06199095022624429
1 0.46435546875 0.44176470588235295 0.013583984374999969 0.058959276018099555
1 0.7177734375 0.6046606334841629 0.014951171874999947 0.06850678733031668
1 0.60888671875 0.4395022624434389 0.01473632812499992 0.06126696832579182