1 0.20984375 0.45361990950226244 0.014619140625000027 0.06199095022624429
1 0.24548828125 0.4513574660633484 0.016093750000000018 0.06986425339366514
1 0.10052734375 0.4592760180995475 0.013955078124999992 0.059864253393665114
1 0.1366015625 0.45361990950226244 0.013378906249999989 0.059185520361991005
1 0.3544921875 0.4527601809954751 0.013798828124999996 0.06036199095022626
1 0.57275390625 0.612579185520362 0.01578125000000008 0.07601809954751136
1 0.53662109375 0.618235294117647 0.01595703124999992 0.08117647058823528
1 0.60888671875 0.6108597285067874 0.015673828124999956 0.0736651583710406
1 0.82763671875 0.6142533936651584 0.015605468750000018 0.08271493212669671
1 0.24548828125 0.6278280542986425 0.01627929687499996 0.08773755656108591
1 0.427734375 0.6216289592760181 0.015898437499999973 0.08574660633484157
1 0.499755859375 0.6165158371040724 0.015605468750000018 0.08235294117647053
1 0.86376953125 0.6119909502262444 0.01571289062499992 0.08561085972850686
1 0.172978515625 0.45533936651583706 0.013427734375 0.058959276018099555
1 0.35498046875 0.6244343891402715 0.015839843750000027 0.08638009049773744
1 0.6455078125 0.6119909502262444 0.015253906249999893 0.06986425339366514
1 0.391357421875 0.6227601809954751 0.016093750000000018 0.08610859728506776
1 0.282470703125 0.4504977375565611 0.015429687499999956 0.07067873303167423
1 0.318603515625 0.6250226244343892 0.015605468750000018 0.08945701357466056
1 0.2822265625 0.6255656108597285 0.01571289062500003 0.08963800904977376
1 0.31884765625 0.44484162895927604 0.016728515624999996 0.07628959276018106
1 0.7900390625 0.4318552036199095 0.015429687499999956 0.07176470588235301
1 0.172978515625 0.6300904977375565 0.015781250000000024 0.08574660633484157
1 0.82666015625 0.4318552036199095 0.015898437499999973 0.07457013574660629
1 0.7548828125 0.6108597285067874 0.014785156250000098 0.07230769230769239
1 0.4638671875 0.620497737556561 0.015605468750000018 0.08334841628959283
1 0.20947265625 0.6306787330316742 0.015898437499999973 0.08447963800904984
1 0.75341796875 0.4323981900452489 0.015253906249999893 0.07366515837104073
1 0.71826171875 0.6119909502262444 0.015185546874999956 0.07425339366515848
1 0.97119140625 0.4309954751131222 0.015429687499999956 0.06515837104072401
1 0.537109375 0.442579185520362 0.016337890625000018 0.08361990950226239
1 0.390869140625 0.4488235294117647 0.013535156250000013 0.059185520361991005
1 0.8994140625 0.4332579185520362 0.013847656250000062 0.06036199095022626
1 0.791015625 0.6114479638009049 0.01571289062499992 0.07719457013574661
1 0.5 0.4409049773755656 0.016093750000000018 0.08271493212669684
1 0.136962890625 0.6300904977375565 0.015302734375000016 0.08524886877828043
1 0.935546875 0.43013574660633486 0.014179687499999982 0.0636651583710407
1 0.8994140625 0.6119909502262444 0.015488281249999902 0.0829864253393664
1 0.68212890625 0.6119909502262444 0.015019531250000107 0.06927601809954752
1 0.427001953125 0.4527601809954751 0.013222656249999964 0.05941176470588233
1 0.57275390625 0.4386425339366516 0.01571289062499992 0.08271493212669684
1 0.9365234375 0.6108597285067874 0.015253906249999893 0.08271493212669671
1 0.86181640625 0.4395022624434389 0.014111328125000044 0.06149321266968327
1 0.64453125 0.4434389140271493 0.013740234374999938 0.06271493212669689
1 0.97265625 0.6091855203619909 0.01553710937500008 0.08574660633484157
1 0.4638671875 0.45533936651583706 0.013691406249999982 0.061764705882352965
1 0.6806640625 0.440316742081448 0.013896484375000018 0.06081447963800904
1 0.71728515625 0.44429864253393664 0.014228515624999938 0.06343891402714937
1 0.100888671875 0.6255656108597285 0.01583984375 0.08271493212669671
1 0.6083984375 0.4488235294117647 0.014228515624999938 0.06099547511312212