1 0.453857421875 0.43497737556561084 0.016220703125000013 0.08171945701357466
1 0.490234375 0.43778280542986425 0.016845703125 0.08384615384615385
1 0.52685546875 0.43497737556561084 0.015673828124999956 0.0786877828054298
1 0.05490234375 0.6216289592760181 0.016220703125000013 0.0739366515837103
1 0.7080078125 0.42334841628959274 0.014902343749999991 0.07601809954751136
1 0.199951171875 0.44656108597285066 0.015898437499999973 0.07230769230769227
1 0.272705078125 0.44429864253393664 0.01595703125000003 0.07751131221719455
1 0.09125 0.6250226244343892 0.01583984375 0.08117647058823528
1 0.744140625 0.42787330316742084 0.01473632812499992 0.07199095022624433
1 0.92724609375 0.5933484162895928 0.016162109374999956 0.08574660633484157
1 0.16345703125 0.6250226244343892 0.016093750000000018 0.0784162895927601
1 0.2362109375 0.61710407239819 0.015605468750000018 0.07778280542986424
1 0.090390625 0.4567420814479638 0.012333984374999996 0.05520361990950221
1 0.85400390625 0.5995475113122172 0.01456054687500008 0.07601809954751136
1 0.81787109375 0.6001357466063348 0.015361328125000018 0.07628959276018106
1 0.12732421875 0.6244343891402715 0.015605468750000018 0.07959276018099536
1 0.89013671875 0.5927601809954751 0.01578125000000008 0.08497737556561073
1 0.344970703125 0.6165158371040724 0.01571289062500003 0.07628959276018106
1 0.7802734375 0.42787330316742084 0.014619140625000027 0.06904977375565607
1 0.78173828125 0.6012669683257919 0.014902343749999991 0.07488687782805435
1 0.19958984375 0.619366515837104 0.015537109375000024 0.0786877828054298
1 0.235595703125 0.4488235294117647 0.015253906250000004 0.06850678733031668
1 0.4541015625 0.6052036199095022 0.01571289062500003 0.06986425339366514
1 0.27197265625 0.6187782805429864 0.01578124999999997 0.07990950226244355
1 0.127685546875 0.45533936651583706 0.012919921875000018 0.05828054298642532
1 0.30908203125 0.615972850678733 0.015253906250000004 0.07488687782805435
1 0.7080078125 0.5978733031674208 0.014501953124999911 0.0703619909502263
1 0.418212890625 0.6091855203619909 0.015898437499999973 0.07149321266968331
1 0.163701171875 0.4561538461538462 0.01395507812500002 0.06036199095022626
1 0.49072265625 0.6035294117647059 0.01530273437499996 0.06828054298642523
1 0.30859375 0.4479638009049774 0.013691406249999982 0.059864253393665114
1 0.381591796875 0.613710407239819 0.01578124999999997 0.07312217194570148
1 0.3447265625 0.4457013574660634 0.013330078124999978 0.06126696832579182
1 0.417724609375 0.4488235294117647 0.014287109374999996 0.06054298642533935
1 0.5263671875 0.6012669683257919 0.015126953125000009 0.06877828054298638
1 0.74462890625 0.5990045248868778 0.014785156250000098 0.07176470588235301
1 0.38134765625 0.4457013574660634 0.013330078124999978 0.060090497737556564
1 0.5634765625 0.5990045248868778 0.015185546874999956 0.06642533936651587
1 0.671875 0.6001357466063348 0.014619140625000027 0.06850678733031668
1 0.6357421875 0.6001357466063348 0.01473632812499992 0.06538461538461533
1 0.599609375 0.6018099547511312 0.014785156250000098 0.06343891402714924
1 0.92578125 0.4228054298642534 0.01456054687500008 0.06904977375565607
1 0.81591796875 0.4318552036199095 0.014501953124999911 0.06393665158371038
1 0.05349609375 0.46013574660633483 0.012099609375 0.05090497737556561
1 0.5625 0.44176470588235295 0.01400390624999992 0.0624434389140272
1 0.853515625 0.42959276018099546 0.013691406249999982 0.06294117647058822
1 0.6708984375 0.43723981900452485 0.01327148437499992 0.06036199095022626
1 0.88916015625 0.4250678733031674 0.013847656250000062 0.06904977375565607
1 0.634765625 0.43497737556561084 0.013632812500000036 0.06221719457013575
1 0.59814453125 0.43552036199095023 0.013125000000000053 0.057149321266968305