1 0.05513671875 0.6228506787330317 0.014814453125000002 0.08488687782805426
1 0.927734375 0.5904977375565611 0.016582031250000018 0.09380090497737564
1 0.85400390625 0.5882352941176471 0.015185546874999956 0.08638009049773744
1 0.7822265625 0.5904977375565611 0.015126953125000009 0.08208144796380085
1 0.236572265625 0.6153846153846154 0.015429687500000011 0.08411764705882342
1 0.890625 0.5927601809954751 0.015673828124999956 0.08475113122171954
1 0.74560546875 0.5882352941176471 0.015361328125000018 0.08054298642533941
1 0.199951171875 0.61710407239819 0.015537109375000024 0.08334841628959283
1 0.2734375 0.6142533936651584 0.015019531249999996 0.08334841628959283
1 0.418701171875 0.6052036199095022 0.01595703125000003 0.08144796380090498
1 0.818359375 0.5922171945701358 0.015126953125000009 0.08144796380090498
1 0.708984375 0.5922171945701358 0.015302734375000071 0.0786877828054298
1 0.345703125 0.6097285067873304 0.01571289062500003 0.08208144796380085
1 0.38232421875 0.6103167420814479 0.015488281250000013 0.08054298642533941
1 0.6728515625 0.5938914027149321 0.015126953125000009 0.07515837104072404
1 0.45458984375 0.6023981900452489 0.015839843750000027 0.07515837104072404
1 0.309326171875 0.6153846153846154 0.015605468750000018 0.08208144796380085
1 0.52734375 0.4210859728506787 0.01652343750000007 0.07393665158371042
1 0.78125 0.4078280542986425 0.015302734375000071 0.07542986425339374
1 0.49072265625 0.4228054298642534 0.015361328125000018 0.07425339366515836
1 0.454345703125 0.4242081447963801 0.01627929687499996 0.07176470588235301
1 0.56396484375 0.5944796380090498 0.015078125000000053 0.07457013574660641
1 0.164306640625 0.620497737556561 0.016093750000000018 0.08384615384615372
1 0.74462890625 0.41149321266968325 0.015019531250000107 0.07262443438914032
1 0.60009765625 0.5933484162895928 0.015253906249999893 0.0736651583710406
1 0.63623046875 0.5927601809954751 0.015126953125000009 0.07488687782805435
1 0.2734375 0.43638009049773757 0.01652343749999996 0.06746606334841627
1 0.708984375 0.4123529411764706 0.015126953125000009 0.07457013574660629
1 0.49072265625 0.5967420814479638 0.015019531249999996 0.06904977375565607
1 0.5263671875 0.5961538461538461 0.015185546874999956 0.07262443438914032
1 0.1279296875 0.6210407239819005 0.015429687500000011 0.08411764705882342
1 0.20056640625 0.4386425339366516 0.016279296875000016 0.06927601809954752
1 0.091552734375 0.6221719457013575 0.016523437500000016 0.08696832579185533
1 0.237548828125 0.43497737556561084 0.016025390625000024 0.06796380090497742
1 0.309326171875 0.43552036199095023 0.013691406249999982 0.05941176470588233
1 0.382568359375 0.4318552036199095 0.013632812500000036 0.059864253393665114
1 0.5634765625 0.42733031674208144 0.014287109375000107 0.061764705882352965
1 0.671875 0.4228054298642534 0.013427734375 0.06099547511312212
1 0.345947265625 0.4309954751131222 0.013427734375 0.0587330316742081
1 0.63525390625 0.4210859728506787 0.013896484375000018 0.059864253393665114
1 0.418701171875 0.4323981900452489 0.013740234375000049 0.06036199095022626
1 0.0922265625 0.4409049773755656 0.013632812500000008 0.05696832579185522
1 0.92578125 0.4058371040723982 0.014384765625000018 0.06271493212669689
1 0.85400390625 0.4160180995475113 0.013798828125000107 0.058959276018099555
1 0.8896484375 0.40638009049773754 0.014453124999999956 0.05963800904977379
1 0.81640625 0.41289592760180993 0.013955078124999964 0.05850678733031677
1 0.128544921875 0.440316742081448 0.013027343749999976 0.055837104072398204
1 0.164677734375 0.4409049773755656 0.013378906249999989 0.05669683257918553
1 0.5986328125 0.42194570135746606 0.013740234374999938 0.05850678733031677
1 0.05560546875 0.44429864253393664 0.014501953124999994 0.05828054298642532