1 0.05685546875 0.4443891402714932 0.014326171874999988 0.06158371040723975
1 0.491484375 0.4356561085972851 0.016162109374999956 0.08271493212669684
1 0.201083984375 0.615475113122172 0.016337890625000018 0.06316742081447954
1 0.273681640625 0.6069230769230769 0.015429687499999956 0.06904977375565607
1 0.164306640625 0.6103167420814479 0.015537109375000024 0.06927601809954752
1 0.1287890625 0.6108597285067874 0.015839843750000027 0.07090497737556568
1 0.346435546875 0.6046606334841629 0.015361328125000018 0.0674660633484164
1 0.310302734375 0.6063348416289592 0.015185546874999956 0.06592760180995472
1 0.45556640625 0.5984162895927602 0.01602539062499997 0.06592760180995472
1 0.491943359375 0.5944796380090498 0.015361328125000018 0.06570135746606326
1 0.564453125 0.5938914027149321 0.01553710937500008 0.06393665158371038
1 0.419189453125 0.6001357466063348 0.01578124999999997 0.06466063348416298
1 0.60107421875 0.5933484162895928 0.01627929687500007 0.06316742081447954
1 0.63623046875 0.5910859728506788 0.015361328125000018 0.06515837104072388
1 0.673828125 0.5899547511312216 0.01473632812499992 0.06343891402714924
1 0.383056640625 0.6023981900452489 0.015253906250000004 0.06515837104072388
1 0.52783203125 0.5938914027149321 0.01571289062499992 0.06488687782805419
1 0.23779296875 0.6057918552036199 0.015488281250000013 0.06927601809954752
1 0.7099609375 0.5876923076923076 0.014843750000000044 0.06570135746606326
1 0.09185546875 0.614841628959276 0.01560546874999999 0.07090497737556568
1 0.78271484375 0.5882352941176471 0.014667968749999982 0.06515837104072388
1 0.818359375 0.5876923076923076 0.015605468750000018 0.06959276018099546
1 0.85546875 0.5854298642533936 0.01571289062499992 0.07117647058823538
1 0.23828125 0.43552036199095023 0.014003906249999976 0.06877828054298638
1 0.74609375 0.5876923076923076 0.01456054687500008 0.06515837104072388
1 0.45556640625 0.4341176470588235 0.013164062500000018 0.06438914027149317
1 0.09234375 0.43638009049773757 0.01417968750000001 0.06149321266968327
1 0.201787109375 0.4332579185520362 0.016464843750000013 0.07393665158371042
1 0.89111328125 0.5831674208144796 0.016406249999999956 0.07339366515837116
1 0.70947265625 0.4182805429864253 0.015253906249999893 0.07339366515837104
1 0.274169921875 0.4332579185520362 0.012236328124999973 0.06294117647058822
1 0.74560546875 0.4165610859728507 0.015185546874999956 0.07149321266968331
1 0.92822265625 0.5859728506787331 0.016728515625000107 0.07601809954751136
1 0.7822265625 0.4146153846153846 0.015126953125000009 0.07262443438914032
1 0.67333984375 0.4264705882352941 0.014287109375000107 0.06828054298642536
1 0.0558203125 0.6108597285067874 0.016220703125000013 0.0739366515837103
1 0.89111328125 0.41375565610859727 0.014062500000000089 0.06294117647058822
1 0.63623046875 0.4256108597285068 0.014287109375000107 0.06393665158371038
1 0.38330078125 0.43497737556561084 0.015078125000000053 0.06221719457013575
1 0.5283203125 0.4264705882352941 0.016660156249999947 0.08171945701357466
1 0.129033203125 0.43497737556561084 0.014951171875000002 0.06696832579185526
1 0.310546875 0.43638009049773757 0.014619140625000027 0.06099547511312212
1 0.16541015625 0.44176470588235295 0.013798828124999996 0.061764705882352965
1 0.5625 0.43013574660633486 0.015253906249999893 0.06719457013574658
1 0.419189453125 0.43778280542986425 0.015078125000000053 0.06343891402714937
1 0.85546875 0.4256108597285068 0.01473632812499992 0.06438914027149317
1 0.60205078125 0.4264705882352941 0.01456054687500008 0.06466063348416286
1 0.347412109375 0.4341176470588235 0.014179687499999982 0.06221719457013575
1 0.81787109375 0.41968325791855204 0.014902343749999991 0.06515837104072401
1 0.9267578125 0.4123529411764706 0.014902343749999991 0.06515837104072401