1 0.104833984375 0.6190950226244344 0.017275390624999998 0.08194570135746612
1 0.1405078125 0.61710407239819 0.015839843750000027 0.0736651583710406
1 0.2490234375 0.6142533936651584 0.016406249999999956 0.07176470588235301
1 0.1767578125 0.6176470588235294 0.016464843750000013 0.07312217194570148
1 0.322265625 0.6085972850678733 0.01595703125000003 0.07339366515837116
1 0.21326171875 0.6153846153846154 0.01616210937500001 0.0736651583710406
1 0.285400390625 0.6119909502262444 0.016337890625000018 0.07199095022624445
1 0.75830078125 0.5961538461538461 0.014951171874999947 0.07230769230769239
1 0.35791015625 0.6108597285067874 0.016337890625000018 0.07339366515837116
1 0.86767578125 0.5984162895927602 0.014902343749999991 0.07149321266968331
1 0.50390625 0.6023981900452489 0.01578125000000008 0.0700904977375566
1 0.8310546875 0.6006787330316742 0.015302734375000071 0.07719457013574661
1 0.4677734375 0.6029411764705882 0.016582031250000018 0.07425339366515848
1 0.9033203125 0.5967420814479638 0.015429687499999956 0.07515837104072404
1 0.61279296875 0.5995475113122172 0.01578125000000008 0.06466063348416298
1 0.7216796875 0.5995475113122172 0.015253906249999893 0.06828054298642523
1 0.79443359375 0.5961538461538461 0.015078125000000053 0.0700904977375566
1 0.39501953125 0.6091855203619909 0.016162109374999956 0.0736651583710406
1 0.57666015625 0.5984162895927602 0.015488281249999902 0.06696832579185526
1 0.249638671875 0.4395022624434389 0.016582031250000018 0.07751131221719455
1 0.430908203125 0.6057918552036199 0.017109374999999982 0.07601809954751136
1 0.5400390625 0.6001357466063348 0.015839843750000027 0.0703619909502263
1 0.939453125 0.5984162895927602 0.015361328125000018 0.0677375565610861
1 0.285888671875 0.440316742081448 0.016787109375000053 0.07515837104072404
1 0.322021484375 0.43638009049773757 0.016982421874999987 0.07656108597285075
1 0.9775390625 0.5927601809954751 0.017041015625000044 0.0829864253393664
1 0.105595703125 0.4457013574660634 0.015078124999999998 0.058054298642533995
1 0.57666015625 0.4318552036199095 0.015898437499999973 0.08384615384615385
1 0.7578125 0.42733031674208144 0.01571289062499992 0.07683257918552032
1 0.68603515625 0.6001357466063348 0.01456054687500008 0.06488687782805419
1 0.64892578125 0.6018099547511312 0.01553710937500008 0.06416289592760184
1 0.82958984375 0.4242081447963801 0.015605468750000018 0.07542986425339374
1 0.50341796875 0.43552036199095023 0.01578125000000008 0.0789592760180995
1 0.1767578125 0.44429864253393664 0.013476562500000011 0.05850678733031677
1 0.5400390625 0.43552036199095023 0.015185546874999956 0.08208144796380085
1 0.468017578125 0.442579185520362 0.015019531249999996 0.06850678733031668
1 0.358154296875 0.44484162895927604 0.013798828124999996 0.06099547511312212
1 0.72119140625 0.43723981900452485 0.014335937500000062 0.06466063348416286
1 0.39501953125 0.4409049773755656 0.013691406249999982 0.06466063348416286
1 0.61181640625 0.4395022624434389 0.014951171874999947 0.06796380090497742
1 0.21326171875 0.44656108597285066 0.013476562500000011 0.058054298642533995
1 0.6845703125 0.43497737556561084 0.013955078124999964 0.06416289592760184
1 0.6484375 0.43638009049773757 0.014384765625000018 0.06488687782805432
1 0.7939453125 0.42787330316742084 0.015078125000000053 0.06904977375565607
1 0.141357421875 0.4434389140271493 0.013027343749999976 0.05502262443438913
1 0.865234375 0.42787330316742084 0.014453124999999956 0.06294117647058822
1 0.431396484375 0.440316742081448 0.013955078124999964 0.06081447963800904
1 0.93896484375 0.4210859728506787 0.014179687499999982 0.06438914027149317
1 0.90283203125 0.42334841628959274 0.013847656250000062 0.06294117647058822
1 0.9765625 0.415158371040724 0.013955078124999964 0.0636651583710407