1 0.490966796875 0.42194570135746606 0.01595703125000003 0.07339366515837104
1 0.92724609375 0.5729864253393665 0.01602539062500008 0.07719457013574661
1 0.4912109375 0.5922171945701358 0.015605468750000018 0.06515837104072388
1 0.45458984375 0.4228054298642534 0.016337890625000018 0.07542986425339374
1 0.52685546875 0.4210859728506787 0.01692382812499993 0.0757013574660633
1 0.744140625 0.40923076923076923 0.015673828124999956 0.0703619909502263
1 0.3095703125 0.6040723981900452 0.015078125000000053 0.07090497737556568
1 0.92578125 0.39990950226244343 0.01400390624999992 0.06294117647058822
1 0.5986328125 0.4165610859728507 0.014335937500000062 0.05850678733031677
1 0.382568359375 0.5972850678733032 0.015488281250000013 0.07090497737556568
1 0.345458984375 0.4287330316742081 0.013798828124999996 0.05828054298642532
1 0.599609375 0.5854298642533936 0.01571289062499992 0.06271493212669689
1 0.634765625 0.417420814479638 0.014228515624999938 0.059185520361991005
1 0.3818359375 0.4264705882352941 0.013691406249999982 0.06099547511312212
1 0.78173828125 0.5775113122171945 0.014843750000000044 0.06828054298642523
1 0.273193359375 0.6035294117647059 0.01530273437499996 0.07149321266968331
1 0.56396484375 0.5871040723981901 0.014619140625000027 0.06316742081447954
1 0.7451171875 0.5780542986425339 0.01456054687500008 0.06570135746606326
1 0.5263671875 0.5899547511312216 0.015019531250000107 0.06316742081447954
1 0.345703125 0.6001357466063348 0.015537109374999969 0.0703619909502263
1 0.454833984375 0.5916289592760181 0.015361328125000018 0.06488687782805419
1 0.200078125 0.6057918552036199 0.015488281250000013 0.06986425339366514
1 0.7080078125 0.41090497737556564 0.015673828124999956 0.07117647058823524
1 0.63623046875 0.5831674208144796 0.015253906249999893 0.06393665158371038
1 0.23681640625 0.4264705882352941 0.017177734374999976 0.07230769230769227
1 0.199951171875 0.43013574660633486 0.016787109374999998 0.0700904977375566
1 0.2724609375 0.4256108597285068 0.016660156249999947 0.07366515837104073
1 0.890625 0.5729864253393665 0.01473632812499992 0.07312217194570148
1 0.8544921875 0.5755203619909502 0.014785156250000098 0.07199095022624445
1 0.6728515625 0.5831674208144796 0.014785156250000098 0.0643891402714933
1 0.16357421875 0.6114479638009049 0.015839843750000027 0.07067873303167423
1 0.81689453125 0.5789140271493213 0.015126953125000009 0.06986425339366514
1 0.56201171875 0.4250678733031674 0.014453124999999956 0.06149321266968327
1 0.417724609375 0.5972850678733032 0.01595703125000003 0.0643891402714933
1 0.127568359375 0.4323981900452489 0.013164062500000018 0.058054298642533995
1 0.70849609375 0.5820361990950226 0.014619140625000027 0.06515837104072388
1 0.1640625 0.4323981900452489 0.014111328124999989 0.06099547511312212
1 0.0913671875 0.4323981900452489 0.013535156250000013 0.05696832579185522
1 0.7802734375 0.40638009049773754 0.01553710937500008 0.07149321266968331
1 0.8896484375 0.40217194570135745 0.013740234374999938 0.061764705882352965
1 0.0555078125 0.4309954751131222 0.014111328124999989 0.058054298642533995
1 0.236572265625 0.6052036199095022 0.015712890624999976 0.0700904977375566
1 0.308837890625 0.42959276018099546 0.013632812500000036 0.05828054298642532
1 0.127080078125 0.6114479638009049 0.015957031249999976 0.07199095022624445
1 0.41796875 0.42787330316742084 0.014560546874999969 0.06221719457013575
1 0.091064453125 0.6142533936651584 0.015712890625000003 0.07117647058823538
1 0.85400390625 0.4058371040723982 0.013535156249999902 0.058054298642533995
1 0.0544140625 0.6108597285067874 0.01658203124999999 0.07199095022624445
1 0.67138671875 0.417420814479638 0.013896484375000018 0.061764705882352965
1 0.81640625 0.40923076923076923 0.013847656250000062 0.059185520361991005