1 0.85546875 0.5956108597285068 0.014951171874999947 0.07312217194570148
1 0.927998046875 0.41705882352941176 0.014619140625000027 0.06927601809954752
1 0.8173828125 0.4256108597285068 0.013955078124999964 0.06316742081447968
1 0.67236328125 0.4318552036199095 0.01400390624999992 0.06642533936651587
1 0.491845703125 0.4419457013574661 0.016162109374999956 0.08475113122171941
1 0.455322265625 0.4332579185520362 0.016093750000000018 0.08018099547511312
1 0.89208984375 0.5933484162895928 0.015253906249999893 0.0736651583710406
1 0.52880859375 0.42959276018099546 0.01595703124999992 0.08171945701357466
1 0.8193359375 0.5938914027149321 0.015429687499999956 0.07628959276018106
1 0.783203125 0.5978733031674208 0.015302734375000071 0.07656108597285075
1 0.27490234375 0.43552036199095023 0.01652343749999996 0.07990950226244342
1 0.63623046875 0.4323981900452489 0.013847656250000062 0.06221719457013575
1 0.5634765625 0.4386425339366516 0.014228515624999938 0.06488687782805432
1 0.7470703125 0.5956108597285068 0.015605468750000018 0.07117647058823538
1 0.419189453125 0.44484162895927604 0.013330078124999978 0.06081447963800904
1 0.564453125 0.5967420814479638 0.015078125000000053 0.06393665158371038
1 0.89111328125 0.4210859728506787 0.014228515624999938 0.06515837104072401
1 0.85546875 0.4228054298642534 0.013798828125000107 0.06343891402714937
1 0.71044921875 0.5956108597285068 0.01473632812499992 0.06850678733031668
1 0.38330078125 0.4409049773755656 0.014003906250000031 0.06488687782805432
1 0.92822265625 0.5933484162895928 0.016162109374999956 0.0789592760180995
1 0.346435546875 0.6085972850678733 0.01578124999999997 0.07199095022624445
1 0.27392578125 0.6131221719457014 0.015673828124999956 0.07176470588235301
1 0.45556640625 0.6012669683257919 0.015185546874999956 0.0677375565610861
1 0.20203125 0.44176470588235295 0.016982421874999987 0.07393665158371042
1 0.599609375 0.4318552036199095 0.013632812500000036 0.06199095022624429
1 0.38330078125 0.6057918552036199 0.014951171874999947 0.06850678733031668
1 0.4921875 0.6012669683257919 0.015019531249999996 0.06488687782805419
1 0.2010546875 0.6131221719457014 0.015361328125000018 0.07090497737556568
1 0.673828125 0.5967420814479638 0.014179687499999982 0.06416289592760184
1 0.310546875 0.6114479638009049 0.015185546874999956 0.07117647058823538
1 0.52783203125 0.5978733031674208 0.01571289062499992 0.06592760180995472
1 0.164921875 0.61710407239819 0.015957031249999976 0.07067873303167423
1 0.310546875 0.4457013574660634 0.013896484375000018 0.06199095022624429
1 0.63623046875 0.5972850678733032 0.014667968749999982 0.06343891402714924
1 0.12890625 0.6153846153846154 0.015253906250000004 0.07067873303167423
1 0.420166015625 0.6029411764705882 0.015605468750000018 0.06927601809954752
1 0.092529296875 0.6165158371040724 0.01567382812500001 0.07117647058823538
1 0.60107421875 0.5984162895927602 0.014785156250000098 0.06009049773755644
1 0.7099609375 0.4228054298642534 0.015302734375000071 0.07339366515837104
1 0.23779296875 0.612579185520362 0.015781250000000024 0.06904977375565607
1 0.74560546875 0.4228054298642534 0.015019531250000107 0.0700904977375566
1 0.346923828125 0.44176470588235295 0.013427734375 0.0624434389140272
1 0.7822265625 0.4210859728506787 0.015429687499999956 0.07149321266968331
1 0.165283203125 0.4457013574660634 0.014843749999999989 0.06665158371040719
1 0.12927734375 0.4479638009049774 0.014335937500000007 0.059864253393665114
1 0.23865234375 0.4409049773755656 0.016279296875000016 0.07149321266968331
1 0.056552734375 0.6131221719457014 0.016728515624999996 0.07339366515837116
1 0.093203125 0.44656108597285066 0.01389648437499999 0.0624434389140272
1 0.0570703125 0.45194570135746603 0.012626953125000007 0.0587330316742081