1 0.089599609375 0.6238914027149322 0.015429687500000011 0.08208144796380085
1 0.4892578125 0.43497737556561084 0.01652343749999996 0.08171945701357466
1 0.77978515625 0.5995475113122172 0.014667968749999982 0.07176470588235301
1 0.92578125 0.5927601809954751 0.01571289062499992 0.08171945701357466
1 0.453125 0.43497737556561084 0.016845703125 0.08171945701357466
1 0.7431640625 0.5984162895927602 0.014453124999999956 0.06850678733031668
1 0.380126953125 0.6103167420814479 0.015361328125000018 0.07199095022624445
1 0.307373046875 0.6153846153846154 0.015488281250000013 0.07683257918552044
1 0.8525390625 0.5972850678733032 0.014902343749999991 0.07280542986425328
1 0.525390625 0.4332579185520362 0.016337890625000018 0.07927601809954755
1 0.41650390625 0.6091855203619909 0.01571289062500003 0.07199095022624445
1 0.8154296875 0.5984162895927602 0.015488281249999902 0.07601809954751136
1 0.70751953125 0.5967420814479638 0.014785156250000098 0.07067873303167423
1 0.271240234375 0.618235294117647 0.015488281250000013 0.07959276018099536
1 0.888671875 0.5956108597285068 0.015673828124999956 0.07656108597285075
1 0.12548828125 0.6244343891402715 0.015781250000000024 0.08018099547511325
1 0.234375 0.618235294117647 0.015839843750000027 0.07990950226244355
1 0.235107421875 0.44484162895927604 0.016523437500000016 0.07117647058823524
1 0.4892578125 0.6069230769230769 0.015429687499999956 0.07067873303167423
1 0.162109375 0.6233031674208145 0.015898437499999973 0.07990950226244355
1 0.343017578125 0.614841628959276 0.015185546874999956 0.07199095022624445
1 0.6708984375 0.5990045248868778 0.015078125000000053 0.06619909502262442
1 0.7060546875 0.42334841628959274 0.014902343749999991 0.07656108597285075
1 0.52490234375 0.5995475113122172 0.015429687499999956 0.06959276018099546
1 0.7421875 0.4256108597285068 0.014785156250000098 0.07425339366515836
1 0.5615234375 0.6001357466063348 0.015019531250000107 0.06466063348416298
1 0.198974609375 0.44429864253393664 0.015957031249999976 0.07366515837104073
1 0.453125 0.6046606334841629 0.015898437499999973 0.06986425339366514
1 0.271484375 0.440316742081448 0.01595703125000003 0.07425339366515836
1 0.59814453125 0.6012669683257919 0.014785156250000098 0.06538461538461533
1 0.05310546875 0.620497737556561 0.015537109374999997 0.07457013574660641
1 0.1982421875 0.6210407239819005 0.015185546875000011 0.07778280542986424
1 0.63427734375 0.5984162895927602 0.014843750000000044 0.06719457013574671
1 0.779296875 0.4250678733031674 0.014785156250000098 0.07067873303167423
1 0.416748046875 0.4434389140271493 0.014560546874999969 0.06416289592760184
1 0.16248046875 0.4513574660633484 0.014111328124999989 0.06294117647058822
1 0.8515625 0.4256108597285068 0.013740234374999938 0.06515837104072401
1 0.88818359375 0.4228054298642534 0.013896484375000018 0.06515837104072401
1 0.343994140625 0.44176470588235295 0.013476562499999956 0.06036199095022626
1 0.3076171875 0.4434389140271493 0.013583984374999969 0.058959276018099555
1 0.38037109375 0.442579185520362 0.013632812500000036 0.06149321266968327
1 0.92431640625 0.4210859728506787 0.014228515624999938 0.06696832579185526
1 0.56103515625 0.440316742081448 0.015078125000000053 0.06592760180995472
1 0.63330078125 0.4332579185520362 0.014179687499999982 0.0636651583710407
1 0.814453125 0.4309954751131222 0.013955078124999964 0.06316742081447968
1 0.08978515625 0.4488235294117647 0.013740234374999993 0.06343891402714937
1 0.126708984375 0.4488235294117647 0.014003906249999976 0.06538461538461533
1 0.669921875 0.43497737556561084 0.013427734375 0.0624434389140272
1 0.59716796875 0.4341176470588235 0.013740234374999938 0.06393665158371038
1 0.05359375 0.4527601809954751 0.014287109374999996 0.06126696832579182