1 0.1023828125 0.6152488687782806 0.012949218749999991 0.07321266968325794
1 0.137578125 0.620497737556561 0.016845703125 0.09190045248868779
1 0.174072265625 0.6210407239819005 0.016787109374999998 0.08773755656108591
1 0.93798828125 0.5967420814479638 0.015839843750000027 0.07542986425339374
1 0.86474609375 0.5961538461538461 0.01571289062499992 0.07457013574660641
1 0.21044921875 0.618235294117647 0.01616210937500001 0.0789592760180995
1 0.31982421875 0.6114479638009049 0.016337890625000018 0.07683257918552044
1 0.283203125 0.6142533936651584 0.015537109374999969 0.07488687782805435
1 0.9736328125 0.5961538461538461 0.016162109374999956 0.07927601809954743
1 0.246708984375 0.61710407239819 0.01602539062499997 0.07601809954751136
1 0.35595703125 0.6142533936651584 0.015898437499999973 0.0739366515837103
1 0.828125 0.5950226244343891 0.015429687499999956 0.07262443438914032
1 0.9013671875 0.5882352941176471 0.015605468750000018 0.08624434389140273
1 0.501953125 0.6023981900452489 0.01571289062499992 0.0703619909502263
1 0.392578125 0.6103167420814479 0.015898437499999973 0.07176470588235301
1 0.57421875 0.6012669683257919 0.014951171874999947 0.06877828054298638
1 0.283447265625 0.440316742081448 0.016582031250000018 0.07312217194570134
1 0.50146484375 0.4341176470588235 0.015839843750000027 0.08144796380090498
1 0.68359375 0.5990045248868778 0.015185546874999956 0.06719457013574671
1 0.79150390625 0.5972850678733032 0.015488281249999902 0.06850678733031668
1 0.82763671875 0.4228054298642534 0.015078125000000053 0.07683257918552032
1 0.57421875 0.4323981900452489 0.01578125000000008 0.08208144796380085
1 0.53759765625 0.43552036199095023 0.016093750000000018 0.08171945701357466
1 0.75537109375 0.43013574660633486 0.014843750000000044 0.07090497737556556
1 0.53759765625 0.6012669683257919 0.015126953125000009 0.06877828054298638
1 0.465576171875 0.6040723981900452 0.01595703125000003 0.07262443438914032
1 0.64697265625 0.6006787330316742 0.014667968749999982 0.06592760180995472
1 0.609375 0.6001357466063348 0.015078125000000053 0.06719457013574671
1 0.247314453125 0.4395022624434389 0.016660156249999947 0.07339366515837104
1 0.098935546875 0.44656108597285066 0.014335937500000007 0.06036199095022626
1 0.427734375 0.6080542986425339 0.01578124999999997 0.07280542986425328
1 0.3193359375 0.43778280542986425 0.017441406250000013 0.07628959276018106
1 0.71875 0.5972850678733032 0.015673828124999956 0.06796380090497729
1 0.79150390625 0.4264705882352941 0.01553710937500008 0.07262443438914032
1 0.755859375 0.5944796380090498 0.015078125000000053 0.06515837104072388
1 0.356201171875 0.44429864253393664 0.014003906250000031 0.06271493212669689
1 0.97265625 0.4182805429864253 0.015429687499999956 0.06850678733031668
1 0.137822265625 0.45194570135746603 0.01322265625000002 0.058959276018099555
1 0.465576171875 0.44429864253393664 0.014003906250000031 0.06538461538461533
1 0.173828125 0.44484162895927604 0.014111328124999989 0.05963800904977379
1 0.93701171875 0.4256108597285068 0.014667968749999982 0.06515837104072401
1 0.86279296875 0.43013574660633486 0.013896484375000018 0.06393665158371038
1 0.900390625 0.42787330316742084 0.014335937500000062 0.06488687782805432
1 0.68212890625 0.43638009049773757 0.013378906250000044 0.059864253393665114
1 0.71875 0.4386425339366516 0.014287109375000107 0.06221719457013575
1 0.4287109375 0.442579185520362 0.013535156250000013 0.059864253393665114
1 0.392333984375 0.4395022624434389 0.013955078124999964 0.06221719457013575
1 0.609375 0.4434389140271493 0.014062500000000089 0.06466063348416286
1 0.64599609375 0.43638009049773757 0.014179687499999982 0.0657013574660634
1 0.21033203125 0.4479638009049774 0.013330078124999978 0.05828054298642532