1 0.9267578125 0.4123529411764706 0.014902343749999991 0.06466063348416286
1 0.6005859375 0.42733031674208144 0.014453124999999956 0.06199095022624429
1 0.564453125 0.5944796380090498 0.015488281249999902 0.06515837104072388
1 0.237919921875 0.4341176470588235 0.016582031250000018 0.07312217194570134
1 0.70947265625 0.4182805429864253 0.015429687499999956 0.07339366515837104
1 0.89111328125 0.4146153846153846 0.014228515624999938 0.06149321266968327
1 0.38330078125 0.43497737556561084 0.014902343749999991 0.0624434389140272
1 0.85546875 0.5854298642533936 0.01578125000000008 0.07149321266968331
1 0.78271484375 0.5859728506787331 0.014785156250000098 0.06796380090497729
1 0.346435546875 0.6052036199095022 0.015361328125000018 0.06719457013574671
1 0.347412109375 0.4323981900452489 0.014902343749999991 0.06294117647058822
1 0.7822265625 0.4146153846153846 0.015019531250000107 0.07199095022624433
1 0.4921875 0.5938914027149321 0.01530273437499996 0.06619909502262442
1 0.201298828125 0.6080542986425339 0.015488281250000013 0.0674660633484164
1 0.63623046875 0.5904977375565611 0.015361328125000018 0.06515837104072388
1 0.7451171875 0.4165610859728507 0.015185546874999956 0.07176470588235301
1 0.56396484375 0.4332579185520362 0.014951171874999947 0.06488687782805432
1 0.2010546875 0.43552036199095023 0.017441406250000013 0.07488687782805435
1 0.310546875 0.6063348416289592 0.015126953125000009 0.06592760180995472
1 0.60107421875 0.5933484162895928 0.016220703124999902 0.06343891402714924
1 0.81787109375 0.41968325791855204 0.014951171874999947 0.0657013574660634
1 0.383056640625 0.6023981900452489 0.015253906250000004 0.06515837104072388
1 0.45556640625 0.5978733031674208 0.015839843750000027 0.06570135746606326
1 0.129150390625 0.43723981900452485 0.013798828124999996 0.06054298642533935
1 0.273681640625 0.6063348416289592 0.015488281250000013 0.06877828054298638
1 0.52783203125 0.5938914027149321 0.015673828124999956 0.06515837104072388
1 0.165654296875 0.44176470588235295 0.013740234374999993 0.06199095022624429
1 0.818359375 0.5882352941176471 0.01571289062499992 0.06927601809954752
1 0.2734375 0.4287330316742081 0.016845703125 0.07805429864253394
1 0.092041015625 0.43778280542986425 0.015185546875000011 0.06294117647058822
1 0.5283203125 0.4264705882352941 0.016660156249999947 0.08171945701357466
1 0.63623046875 0.4256108597285068 0.014287109375000107 0.06393665158371038
1 0.92822265625 0.584841628959276 0.01692382812499993 0.07656108597285075
1 0.7099609375 0.5871040723981901 0.014951171874999947 0.06592760180995472
1 0.310546875 0.43638009049773757 0.014619140625000027 0.06126696832579182
1 0.673828125 0.5888235294117646 0.01473632812499992 0.06416289592760184
1 0.12890625 0.6108597285067874 0.01567382812500001 0.0700904977375566
1 0.85546875 0.4264705882352941 0.014785156250000098 0.06393665158371038
1 0.41943359375 0.5995475113122172 0.015673828124999956 0.06488687782805419
1 0.492431640625 0.42787330316742084 0.017109374999999982 0.08524886877828056
1 0.45556640625 0.42733031674208144 0.017441406250000013 0.08235294117647053
1 0.67333984375 0.4264705882352941 0.014287109375000107 0.06877828054298638
1 0.1640625 0.6103167420814479 0.015488281250000013 0.06927601809954752
1 0.05685546875 0.4341176470588235 0.014785156249999987 0.0657013574660634
1 0.89111328125 0.5831674208144796 0.016406249999999956 0.07339366515837116
1 0.419189453125 0.43778280542986425 0.015078125000000053 0.0636651583710407
1 0.23779296875 0.6069230769230769 0.015781250000000024 0.06904977375565607
1 0.05603515625 0.6108597285067874 0.016220703125 0.0736651583710406
1 0.09185546875 0.614841628959276 0.01560546874999999 0.07090497737556568
1 0.74609375 0.5842986425339366 0.014843750000000044 0.06642533936651587