1 0.053984375 0.6316289592760181 0.016406249999999997 0.07515837104072404
1 0.490234375 0.6131221719457014 0.015429687499999956 0.07149321266968331
1 0.70751953125 0.6035294117647059 0.014384765625000018 0.06959276018099546
1 0.74462890625 0.6035294117647059 0.014111328125000044 0.06828054298642523
1 0.380615234375 0.6187782805429864 0.015429687499999956 0.07280542986425328
1 0.67138671875 0.6063348416289592 0.014843750000000044 0.06719457013574671
1 0.63427734375 0.6080542986425339 0.014951171874999947 0.06796380090497729
1 0.45361328125 0.6114479638009049 0.015429687499999956 0.06986425339366514
1 0.5986328125 0.6080542986425339 0.015185546874999956 0.06538461538461533
1 0.417236328125 0.6165158371040724 0.015537109374999969 0.07339366515837116
1 0.56298828125 0.6085972850678733 0.015126953125000009 0.0643891402714933
1 0.489990234375 0.44176470588235295 0.016337890625000018 0.07805429864253394
1 0.52587890625 0.6097285067873304 0.01473632812499992 0.06828054298642523
1 0.7802734375 0.6035294117647059 0.014501953124999911 0.07149321266968331
1 0.090390625 0.6318099547511312 0.015712890625000003 0.0784162895927601
1 0.92578125 0.6040723981900452 0.01595703124999992 0.07990950226244355
1 0.5263671875 0.4386425339366516 0.016337890625000018 0.07719457013574661
1 0.34423828125 0.6210407239819005 0.015488281250000013 0.07656108597285075
1 0.199345703125 0.6250226244343892 0.015019531249999996 0.07805429864253394
1 0.81591796875 0.6046606334841629 0.015302734375000071 0.07230769230769239
1 0.27197265625 0.6227601809954751 0.015253906250000004 0.07959276018099536
1 0.30859375 0.6233031674208145 0.01530273437499996 0.07719457013574661
1 0.85302734375 0.6052036199095022 0.015078125000000053 0.07117647058823538
1 0.16259765625 0.6272850678733032 0.015126953125000009 0.07719457013574661
1 0.235595703125 0.6233031674208145 0.014785156249999987 0.0784162895927601
1 0.7802734375 0.4264705882352941 0.015185546874999956 0.0700904977375566
1 0.70703125 0.4287330316742081 0.015019531250000107 0.06828054298642536
1 0.74365234375 0.4309954751131222 0.015429687499999956 0.07090497737556556
1 0.125732421875 0.6295475113122172 0.015537109375000024 0.07719457013574661
1 0.45361328125 0.44176470588235295 0.01578124999999997 0.0786877828054298
1 0.235478515625 0.4479638009049774 0.016787109374999998 0.07393665158371042
1 0.88916015625 0.6023981900452489 0.015302734375000071 0.07656108597285075
1 0.1991015625 0.449683257918552 0.016845703125 0.07312217194570134
1 0.56103515625 0.442579185520362 0.01473632812499992 0.06438914027149317
1 0.27197265625 0.44656108597285066 0.01692382812500004 0.07628959276018106
1 0.6337890625 0.43778280542986425 0.014228515624999938 0.06036199095022626
1 0.307861328125 0.44656108597285066 0.014667968749999982 0.0636651583710407
1 0.9248046875 0.4205429864253394 0.013847656250000062 0.06126696832579182
1 0.67041015625 0.43723981900452485 0.013955078124999964 0.06099547511312212
1 0.417236328125 0.44656108597285066 0.015673828124999956 0.06746606334841627
1 0.163212890625 0.45194570135746603 0.014287109374999996 0.06199095022624429
1 0.34423828125 0.44656108597285066 0.013476562499999956 0.059185520361991005
1 0.38037109375 0.44484162895927604 0.013632812500000036 0.05941176470588233
1 0.8154296875 0.42959276018099546 0.01400390624999992 0.06199095022624429
1 0.59765625 0.440316742081448 0.014062500000000089 0.058959276018099555
1 0.85205078125 0.42733031674208144 0.014062500000000089 0.06099547511312212
1 0.126708984375 0.4479638009049774 0.01363281249999998 0.06416289592760184
1 0.88818359375 0.42334841628959274 0.014111328125000044 0.06221719457013575
1 0.08990234375 0.449683257918552 0.013798828124999996 0.058959276018099555
1 0.053310546875 0.449683257918552 0.013955078124999992 0.06036199095022626