1 0.92822265625 0.5972850678733032 0.016337890625000018 0.08117647058823528
1 0.8916015625 0.5978733031674208 0.014453124999999956 0.07176470588235301
1 0.165166015625 0.4434389140271493 0.014667968749999982 0.06036199095022626
1 0.383544921875 0.6080542986425339 0.015361328125000018 0.06959276018099546
1 0.818359375 0.5956108597285068 0.015126953125000009 0.07149321266968331
1 0.564453125 0.5995475113122172 0.014902343749999991 0.06343891402714924
1 0.74609375 0.5967420814479638 0.01473632812499992 0.06719457013574671
1 0.67333984375 0.5956108597285068 0.014453124999999956 0.06570135746606326
1 0.564453125 0.4332579185520362 0.014228515624999938 0.060090497737556564
1 0.41943359375 0.6069230769230769 0.015429687499999956 0.06592760180995472
1 0.78271484375 0.5967420814479638 0.014667968749999982 0.06927601809954752
1 0.7099609375 0.5938914027149321 0.014453124999999956 0.0677375565610861
1 0.455322265625 0.6035294117647059 0.015537109374999969 0.06665158371040732
1 0.60107421875 0.5984162895927602 0.015253906249999893 0.06199095022624429
1 0.274169921875 0.43497737556561084 0.016337890625000018 0.07176470588235301
1 0.201298828125 0.61710407239819 0.015302734375000016 0.07488687782805435
1 0.4921875 0.6023981900452489 0.015078125000000053 0.06570135746606326
1 0.310546875 0.6131221719457014 0.015126953125000009 0.07262443438914032
1 0.345703125 0.613710407239819 0.015361328125000018 0.07090497737556568
1 0.63623046875 0.5990045248868778 0.015429687499999956 0.06592760180995472
1 0.23779296875 0.6153846153846154 0.015185546875000011 0.0736651583710406
1 0.27392578125 0.6142533936651584 0.015537109374999969 0.07280542986425328
1 0.201298828125 0.440316742081448 0.017109374999999982 0.07117647058823524
1 0.09173828125 0.44176470588235295 0.015488281250000013 0.060090497737556564
1 0.52783203125 0.6001357466063348 0.015126953125000009 0.06488687782805419
1 0.81884765625 0.4210859728506787 0.014111328125000044 0.058054298642533995
1 0.164921875 0.619366515837104 0.015429687500000011 0.07601809954751136
1 0.63671875 0.42959276018099546 0.013955078124999964 0.0587330316742081
1 0.12890625 0.4409049773755656 0.013798828124999996 0.05963800904977379
1 0.310791015625 0.4395022624434389 0.014179687499999982 0.060090497737556564
1 0.85546875 0.5927601809954751 0.015185546874999956 0.07542986425339374
1 0.23828125 0.43638009049773757 0.016464843750000013 0.0700904977375566
1 0.60009765625 0.42787330316742084 0.013476562499999956 0.05696832579185522
1 0.45556640625 0.4309954751131222 0.01652343749999996 0.07457013574660629
1 0.52880859375 0.4264705882352941 0.015898437499999973 0.07751131221719455
1 0.1287890625 0.6176470588235294 0.016093750000000018 0.07683257918552044
1 0.7822265625 0.41968325791855204 0.01473632812499992 0.06796380090497742
1 0.0922265625 0.6210407239819005 0.016025390624999997 0.07656108597285075
1 0.056123046875 0.61710407239819 0.016279296875000016 0.07570135746606343
1 0.34716796875 0.43723981900452485 0.013798828124999996 0.06036199095022626
1 0.67333984375 0.42733031674208144 0.013955078124999964 0.06271493212669689
1 0.85595703125 0.4205429864253394 0.013535156249999902 0.059185520361991005
1 0.89208984375 0.417420814479638 0.013632812500000036 0.0587330316742081
1 0.74560546875 0.4210859728506787 0.015078125000000053 0.06773755656108597
1 0.7099609375 0.4205429864253394 0.015019531250000107 0.06986425339366514
1 0.38330078125 0.43497737556561084 0.014667968749999982 0.06466063348416286
1 0.41943359375 0.4386425339366516 0.014287109374999996 0.06271493212669689
1 0.92724609375 0.4146153846153846 0.014179687499999982 0.0624434389140272
1 0.057587890625 0.4409049773755656 0.013632812500000008 0.05782805429864254
1 0.492431640625 0.4318552036199095 0.016982421875000098 0.08054298642533941