1 0.07421875 0.44656108597285066 0.01389648437499999 0.05647058823529407
1 0.6923828125 0.5888235294117646 0.015019531250000107 0.07628959276018106
1 0.54638671875 0.42334841628959274 0.015488281249999902 0.07683257918552032
1 0.61962890625 0.5927601809954751 0.015302734375000071 0.0736651583710406
1 0.7646484375 0.583710407239819 0.016093750000000018 0.08054298642533941
1 0.728515625 0.5882352941176471 0.014843750000000044 0.0789592760180995
1 0.40185546875 0.6063348416289592 0.016162109374999956 0.08475113122171954
1 0.8017578125 0.5871040723981901 0.01571289062499992 0.08461538461538456
1 0.763671875 0.41090497737556564 0.015605468750000018 0.07262443438914032
1 0.438232421875 0.6052036199095022 0.015839843750000027 0.08235294117647053
1 0.72802734375 0.41375565610859727 0.015019531250000107 0.07393665158371042
1 0.65576171875 0.5933484162895928 0.015126953125000009 0.0700904977375566
1 0.22021484375 0.619366515837104 0.016337890625000018 0.08574660633484157
1 0.183837890625 0.6216289592760181 0.016093750000000018 0.08461538461538456
1 0.5830078125 0.5927601809954751 0.01578125000000008 0.07628959276018106
1 0.546875 0.5938914027149321 0.015488281249999902 0.07805429864253394
1 0.51123046875 0.6023981900452489 0.016162109374999956 0.08574660633484157
1 0.80029296875 0.4086425339366516 0.015429687499999956 0.07457013574660629
1 0.14734375 0.6238914027149322 0.016279296875000016 0.08610859728506776
1 0.474365234375 0.6023981900452489 0.016093750000000018 0.08144796380090498
1 0.075009765625 0.6216289592760181 0.015957031250000003 0.08235294117647053
1 0.11126953125 0.442579185520362 0.013476562500000011 0.05628959276018099
1 0.255859375 0.43723981900452485 0.016582031250000018 0.07117647058823524
1 0.292724609375 0.613710407239819 0.016406249999999956 0.08927601809954759
1 0.25634765625 0.6176470588235294 0.016093750000000018 0.08963800904977376
1 0.83740234375 0.5888235294117646 0.015126953125000009 0.08235294117647053
1 0.328857421875 0.6142533936651584 0.016162109374999956 0.08696832579185533
1 0.4013671875 0.43778280542986425 0.013476562499999956 0.059864253393665114
1 0.365234375 0.43552036199095023 0.013583984374999969 0.06199095022624429
1 0.51025390625 0.42787330316742084 0.015898437499999973 0.07656108597285075
1 0.9453125 0.4013122171945701 0.014179687499999982 0.06149321266968327
1 0.36572265625 0.6103167420814479 0.016093750000000018 0.08411764705882342
1 0.87451171875 0.5842986425339366 0.015429687499999956 0.08384615384615372
1 0.90966796875 0.40443438914027147 0.014062500000000089 0.060090497737556564
1 0.473876953125 0.42733031674208144 0.01578124999999997 0.07927601809954755
1 0.873046875 0.40497737556561086 0.013896484375000018 0.061764705882352965
1 0.6181640625 0.4250678733031674 0.013847656250000062 0.06099547511312212
1 0.219853515625 0.43778280542986425 0.015898437499999973 0.06850678733031668
1 0.29296875 0.4323981900452489 0.01692382812500004 0.07393665158371042
1 0.91015625 0.581447963800905 0.015429687499999956 0.08447963800904984
1 0.58203125 0.43013574660633486 0.013955078124999964 0.06126696832579182
1 0.111455078125 0.6238914027149322 0.016464843750000013 0.08696832579185533
1 0.94775390625 0.5755203619909502 0.01571289062499992 0.08710407239819004
1 0.32861328125 0.43778280542986425 0.013798828124999996 0.05963800904977379
1 0.147216796875 0.4434389140271493 0.013847656250000007 0.05850678733031677
1 0.65478515625 0.42194570135746606 0.013798828125000107 0.06054298642533935
1 0.69091796875 0.4228054298642534 0.014384765625000018 0.06316742081447968
1 0.43798828125 0.4395022624434389 0.014560546874999969 0.06466063348416286
1 0.18359375 0.442579185520362 0.012626953125000007 0.055837104072398204
1 0.83544921875 0.41090497737556564 0.013125000000000053 0.05696832579185522