1 0.81689453125 0.4210859728506787 0.013740234374999938 0.06126696832579182
1 0.055419921875 0.6210407239819005 0.015781249999999997 0.08144796380090498
1 0.92626953125 0.41289592760180993 0.014228515624999938 0.0636651583710407
1 0.128056640625 0.6261538461538462 0.015361328125000018 0.08144796380090498
1 0.20056640625 0.6199095022624435 0.015898437499999973 0.08411764705882342
1 0.85400390625 0.4205429864253394 0.013798828125000107 0.060090497737556564
1 0.16443359375 0.6250226244343892 0.016220703125000013 0.08235294117647053
1 0.27294921875 0.619366515837104 0.01602539062499997 0.0829864253393664
1 0.0913671875 0.6238914027149322 0.016464843750000013 0.08832579185520353
1 0.309814453125 0.615972850678733 0.015078125000000053 0.08235294117647053
1 0.671875 0.43013574660633486 0.013740234374999938 0.06099547511312212
1 0.60009765625 0.5978733031674208 0.015126953125000009 0.06986425339366514
1 0.52734375 0.5978733031674208 0.015078125000000053 0.0700904977375566
1 0.78125 0.4160180995475113 0.015253906249999893 0.07230769230769227
1 0.382080078125 0.6103167420814479 0.015488281250000013 0.08117647058823528
1 0.345458984375 0.615972850678733 0.01571289062500003 0.08054298642533941
1 0.4912109375 0.5990045248868778 0.014843750000000044 0.06828054298642523
1 0.383056640625 0.43497737556561084 0.013271484375000031 0.0587330316742081
1 0.6728515625 0.5972850678733032 0.014785156250000098 0.07457013574660641
1 0.5634765625 0.4332579185520362 0.014335937500000062 0.06271493212669689
1 0.237060546875 0.614841628959276 0.016220703125000013 0.08524886877828043
1 0.63623046875 0.5984162895927602 0.01473632812499992 0.07199095022624445
1 0.6357421875 0.42959276018099546 0.013476562499999956 0.06036199095022626
1 0.7451171875 0.417420814479638 0.015429687499999956 0.07312217194570134
1 0.3095703125 0.43638009049773757 0.013632812500000036 0.058054298642533995
1 0.56396484375 0.5990045248868778 0.014667968749999982 0.06959276018099546
1 0.599609375 0.42787330316742084 0.013955078124999964 0.06126696832579182
1 0.4189453125 0.6080542986425339 0.01595703125000003 0.0789592760180995
1 0.89013671875 0.41289592760180993 0.014619140625000027 0.06221719457013575
1 0.4912109375 0.43013574660633486 0.016660156249999947 0.07312217194570134
1 0.708984375 0.4205429864253394 0.015839843750000027 0.07425339366515836
1 0.45458984375 0.6057918552036199 0.015253906250000004 0.07570135746606343
1 0.7822265625 0.5944796380090498 0.014843750000000044 0.07601809954751136
1 0.74560546875 0.5938914027149321 0.014902343749999991 0.07628959276018106
1 0.346435546875 0.4323981900452489 0.013330078124999978 0.059864253393665114
1 0.164921875 0.44429864253393664 0.013847656250000007 0.0587330316742081
1 0.708984375 0.5938914027149321 0.01473632812499992 0.07656108597285075
1 0.419189453125 0.43638009049773757 0.013125000000000053 0.057149321266968305
1 0.85498046875 0.5916289592760181 0.01456054687500008 0.0739366515837103
1 0.52734375 0.4250678733031674 0.016728515625000107 0.07656108597285075
1 0.818359375 0.5950226244343891 0.015488281249999902 0.0786877828054298
1 0.45458984375 0.42959276018099546 0.015898437499999973 0.07366515837104073
1 0.273681640625 0.4386425339366516 0.015537109374999969 0.06316742081447968
1 0.20154296875 0.4409049773755656 0.015957031249999976 0.06619909502262442
1 0.12890625 0.4434389140271493 0.012529296874999984 0.05438914027149326
1 0.09234375 0.44429864253393664 0.012724609375000001 0.05565610859728512
1 0.237919921875 0.43778280542986425 0.015429687500000011 0.06343891402714937
1 0.890625 0.5904977375565611 0.01578125000000008 0.08511312217194571
1 0.927734375 0.5927601809954751 0.01602539062500008 0.08859728506787323
1 0.056123046875 0.4479638009049774 0.014228515624999993 0.05782805429864254