1 0.2998046875 0.43723981900452485 0.01627929687499996 0.06538461538461533
1 0.22595703125 0.6142533936651584 0.015605468750000018 0.07542986425339374
1 0.154296875 0.43778280542986425 0.01322265625000002 0.060090497737556564
1 0.082705078125 0.4434389140271493 0.013271484375000003 0.058054298642533995
1 0.117978515625 0.4409049773755656 0.013583984374999997 0.05696832579185522
1 0.33544921875 0.43723981900452485 0.013798828124999996 0.05737556561085976
1 0.3720703125 0.43497737556561084 0.013798828124999996 0.058054298642533995
1 0.4443359375 0.43778280542986425 0.015126953125000009 0.06466063348416286
1 0.62548828125 0.5927601809954751 0.015302734375000071 0.07090497737556568
1 0.734375 0.5916289592760181 0.014501953124999911 0.07262443438914032
1 0.84423828125 0.5859728506787331 0.015361328125000018 0.08144796380090498
1 0.9150390625 0.3979185520361991 0.014179687499999982 0.06149321266968327
1 0.18982421875 0.61710407239819 0.015605468750000018 0.07683257918552044
1 0.298828125 0.6119909502262444 0.014902343749999991 0.0789592760180995
1 0.6982421875 0.5916289592760181 0.014902343749999991 0.06904977375565607
1 0.262451171875 0.6119909502262444 0.015605468750000018 0.07751131221719455
1 0.408203125 0.43497737556561084 0.013476562499999956 0.058959276018099555
1 0.662109375 0.5922171945701358 0.014501953124999911 0.06828054298642523
1 0.407958984375 0.6040723981900452 0.015898437499999973 0.07751131221719455
1 0.55322265625 0.5950226244343891 0.014951171874999947 0.07149321266968331
1 0.48046875 0.5984162895927602 0.015488281250000013 0.07457013574660641
1 0.58935546875 0.5944796380090498 0.015019531250000107 0.06959276018099546
1 0.444091796875 0.6018099547511312 0.01578124999999997 0.07601809954751136
1 0.335205078125 0.6091855203619909 0.015898437499999973 0.08171945701357466
1 0.37158203125 0.6080542986425339 0.01602539062499997 0.08054298642533941
1 0.66162109375 0.4205429864253394 0.014179687499999982 0.06294117647058822
1 0.5166015625 0.5967420814479638 0.015429687499999956 0.07176470588235301
1 0.1171875 0.6187782805429864 0.015537109374999997 0.08081447963800911
1 0.95166015625 0.3993212669683258 0.013535156249999902 0.06488687782805432
1 0.73388671875 0.4123529411764706 0.015429687499999956 0.07312217194570134
1 0.95361328125 0.5831674208144796 0.015839843750000027 0.09171945701357458
1 0.5888671875 0.42959276018099546 0.01358398437500008 0.06054298642533935
1 0.22607421875 0.4395022624434389 0.016279296875000016 0.06466063348416286
1 0.191044921875 0.442579185520362 0.013427734375 0.05828054298642532
1 0.080625 0.6165158371040724 0.015537109374999997 0.0739366515837103
1 0.5166015625 0.4250678733031674 0.01595703124999992 0.07927601809954755
1 0.263671875 0.43723981900452485 0.01692382812500004 0.06719457013574658
1 0.88037109375 0.5831674208144796 0.015898437499999973 0.08461538461538456
1 0.552734375 0.4242081447963801 0.015429687499999956 0.07425339366515836
1 0.7705078125 0.4100904977375565 0.015488281249999902 0.07117647058823524
1 0.480224609375 0.42733031674208144 0.016464843750000013 0.07656108597285075
1 0.771484375 0.5854298642533936 0.015898437499999973 0.0789592760180995
1 0.153203125 0.61710407239819 0.01567382812500001 0.08144796380090498
1 0.80712890625 0.40638009049773754 0.01578125000000008 0.07393665158371042
1 0.62548828125 0.4228054298642534 0.014453124999999956 0.06099547511312212
1 0.8427734375 0.4086425339366516 0.013896484375000018 0.058054298642533995
1 0.9169921875 0.583710407239819 0.01553710937500008 0.0866063348416289
1 0.6982421875 0.42194570135746606 0.013476562499999956 0.06271493212669689
1 0.8798828125 0.40638009049773754 0.013740234374999938 0.06271493212669689
1 0.8076171875 0.584841628959276 0.015839843750000027 0.08429864253393662