1 0.477294921875 0.5899547511312216 0.015185546874999956 0.06828054298642523
1 0.73095703125 0.5741176470588235 0.01473632812499992 0.07117647058823538
1 0.65869140625 0.5789140271493213 0.014951171874999947 0.06619909502262442
1 0.62158203125 0.5820361990950226 0.014843750000000044 0.06294117647058835
1 0.54931640625 0.415158371040724 0.016406249999999956 0.07262443438914032
1 0.55029296875 0.582579185520362 0.015185546874999956 0.0674660633484164
1 0.5126953125 0.415158371040724 0.016406249999999956 0.07393665158371042
1 0.5859375 0.583710407239819 0.014785156250000098 0.06416289592760184
1 0.44091796875 0.5927601809954751 0.014785156249999987 0.07176470588235301
1 0.259033203125 0.4242081447963801 0.016982421874999987 0.07199095022624433
1 0.3681640625 0.6029411764705882 0.015019531249999996 0.07280542986425328
1 0.767578125 0.5721266968325792 0.014667968749999982 0.06986425339366514
1 0.84033203125 0.5721266968325792 0.015126953125000009 0.07425339366515848
1 0.476806640625 0.4182805429864253 0.016406249999999956 0.07628959276018106
1 0.51318359375 0.5910859728506788 0.01456054687500008 0.0700904977375566
1 0.8037109375 0.5735294117647058 0.014785156250000098 0.07542986425339374
1 0.18640625 0.6091855203619909 0.015185546875000011 0.07515837104072404
1 0.259033203125 0.6103167420814479 0.015185546874999956 0.07199095022624445
1 0.33154296875 0.6029411764705882 0.01595703125000003 0.07990950226244355
1 0.403564453125 0.5961538461538461 0.014951171874999947 0.0739366515837103
1 0.295654296875 0.42334841628959274 0.016582031250000018 0.07280542986425341
1 0.149169921875 0.612579185520362 0.015898437499999973 0.07425339366515848
1 0.29541015625 0.6040723981900452 0.015253906250000004 0.0789592760180995
1 0.6943359375 0.5820361990950226 0.01456054687500008 0.0674660633484164
1 0.73046875 0.40357466063348413 0.015605468750000018 0.06927601809954752
1 0.7666015625 0.39990950226244343 0.015185546874999956 0.06904977375565607
1 0.22216796875 0.6052036199095022 0.015712890624999976 0.07683257918552044
1 0.11376953125 0.6119909502262444 0.01583984375 0.0786877828054298
1 0.9501953125 0.5661990950226244 0.016162109374999956 0.07990950226244355
1 0.6943359375 0.40923076923076923 0.014453124999999956 0.06199095022624429
1 0.223271484375 0.4287330316742081 0.01616210937500001 0.07090497737556556
1 0.87646484375 0.5707239819004525 0.015488281249999902 0.07312217194570148
1 0.441162109375 0.4264705882352941 0.014619140625000027 0.06221719457013575
1 0.91259765625 0.5687330316742082 0.015488281249999902 0.07570135746606343
1 0.8037109375 0.39565610859728506 0.015019531250000107 0.0700904977375566
1 0.62109375 0.4100904977375565 0.013632812500000036 0.059185520361991005
1 0.186650390625 0.4318552036199095 0.013164062500000018 0.058959276018099555
1 0.65771484375 0.4123529411764706 0.013476562499999956 0.05941176470588233
1 0.150029296875 0.4323981900452489 0.013427734375 0.05696832579185522
1 0.404296875 0.42334841628959274 0.013476562499999956 0.057149321266968305
1 0.8388671875 0.4007239819004525 0.013222656249999964 0.0547963800904978
1 0.3681640625 0.4242081447963801 0.013583984374999969 0.05647058823529407
1 0.331787109375 0.4287330316742081 0.014287109374999996 0.05828054298642532
1 0.58447265625 0.415158371040724 0.013330078125000089 0.05828054298642532
1 0.078251953125 0.43723981900452485 0.01316406249999999 0.0547963800904978
1 0.07708984375 0.6097285067873304 0.016728515624999996 0.07778280542986424
1 0.114384765625 0.4332579185520362 0.012529296875000012 0.05438914027149326
1 0.91259765625 0.3908597285067873 0.013896484375000018 0.06081447963800904
1 0.87646484375 0.39280542986425343 0.013847656250000062 0.05941176470588233
1 0.9482421875 0.38520361990950225 0.013740234374999938 0.0657013574660634