1 0.26220703125 0.42787330316742084 0.01602539062499997 0.06126696832579182
1 0.333984375 0.5972850678733032 0.01627929687499996 0.07425339366515848
1 0.55126953125 0.4100904977375565 0.01553710937500008 0.07176470588235301
1 0.95166015625 0.3832126696832579 0.013691406249999982 0.05941176470588233
1 0.225712890625 0.42787330316742084 0.016464843750000013 0.06126696832579182
1 0.47900390625 0.41375565610859727 0.015898437499999973 0.0700904977375566
1 0.29931640625 0.4242081447963801 0.016728515624999996 0.0624434389140272
1 0.7333984375 0.3984615384615385 0.014843750000000044 0.06773755656108597
1 0.479248046875 0.5865610859728506 0.015537109374999969 0.06719457013574671
1 0.151494140625 0.6097285067873304 0.015712890624999976 0.07067873303167423
1 0.40673828125 0.5927601809954751 0.016093750000000018 0.06927601809954752
1 0.261474609375 0.6018099547511312 0.016162109374999956 0.0700904977375566
1 0.442626953125 0.5904977375565611 0.01571289062500003 0.06828054298642523
1 0.76953125 0.39565610859728506 0.015429687499999956 0.07149321266968331
1 0.37109375 0.4228054298642534 0.013632812500000036 0.05737556561085976
1 0.1884765625 0.6085972850678733 0.015605468750000018 0.06927601809954752
1 0.8056640625 0.39280542986425343 0.014951171874999947 0.07339366515837104
1 0.916015625 0.5658823529411765 0.01571289062499992 0.0786877828054298
1 0.370361328125 0.5972850678733032 0.015488281250000013 0.07262443438914032
1 0.58837890625 0.5797737556561086 0.015429687499999956 0.06515837104072388
1 0.7705078125 0.5667420814479638 0.015429687499999956 0.06796380090497729
1 0.51611328125 0.5882352941176471 0.01553710937500008 0.0677375565610861
1 0.91552734375 0.3860180995475113 0.014062500000000089 0.058054298642533995
1 0.116337890625 0.43497737556561084 0.013427734375 0.058054298642533995
1 0.58740234375 0.4146153846153846 0.014453124999999956 0.06054298642533935
1 0.84326171875 0.5676018099547511 0.01553710937500008 0.07339366515837116
1 0.080625 0.44429864253393664 0.015126953125000009 0.058054298642533995
1 0.4072265625 0.42194570135746606 0.013066406249999996 0.05565610859728512
1 0.953125 0.56420814479638 0.016582031250000018 0.08524886877828043
1 0.806640625 0.5692760180995475 0.015488281249999902 0.07230769230769239
1 0.153564453125 0.4318552036199095 0.013427734375 0.054570135746606345
1 0.87939453125 0.5667420814479638 0.015488281249999902 0.07628959276018106
1 0.079228515625 0.6097285067873304 0.016523437500000016 0.0700904977375566
1 0.297607421875 0.6023981900452489 0.015673828124999956 0.07149321266968331
1 0.51513671875 0.41289592760180993 0.016093750000000018 0.07199095022624433
1 0.62451171875 0.5789140271493213 0.015019531250000107 0.06343891402714924
1 0.5517578125 0.5831674208144796 0.014785156250000098 0.06488687782805419
1 0.6611328125 0.5749321266968326 0.014843750000000044 0.06488687782805419
1 0.443603515625 0.4205429864253394 0.014228515625000049 0.06036199095022626
1 0.73388671875 0.5701357466063348 0.014843750000000044 0.06850678733031668
1 0.87939453125 0.38941176470588235 0.01400390624999992 0.059185520361991005
1 0.84228515625 0.39506787330316745 0.013330078125000089 0.05606334841628953
1 0.333984375 0.4250678733031674 0.014287109374999996 0.05963800904977379
1 0.6240234375 0.4072398190045249 0.013740234374999938 0.057149321266968305
1 0.66064453125 0.4058371040723982 0.013330078125000089 0.05963800904977379
1 0.69775390625 0.5726696832579186 0.015126953125000009 0.06466063348416298
1 0.189580078125 0.4332579185520362 0.013583984375000024 0.05782805429864254
1 0.115966796875 0.6131221719457014 0.015253906250000004 0.0703619909502263
1 0.697265625 0.40638009049773754 0.01358398437500008 0.06036199095022626
1 0.224853515625 0.6063348416289592 0.015488281250000013 0.0677375565610861