1 0.273681640625 0.4409049773755656 0.01652343749999996 0.06538461538461533
1 0.237548828125 0.44176470588235295 0.016279296875000016 0.06438914027149317
1 0.455078125 0.6091855203619909 0.015605468750000018 0.0789592760180995
1 0.128056640625 0.6255656108597285 0.015253906250000004 0.08429864253393662
1 0.70947265625 0.5990045248868778 0.014501953124999911 0.07542986425339374
1 0.200927734375 0.4434389140271493 0.015898437499999973 0.0657013574660634
1 0.85498046875 0.6006787330316742 0.015019531250000107 0.08271493212669671
1 0.52685546875 0.6052036199095022 0.015078125000000053 0.07262443438914032
1 0.16443359375 0.6261538461538462 0.01567382812500001 0.08235294117647053
1 0.78076171875 0.4205429864253394 0.015673828124999956 0.07393665158371042
1 0.4912109375 0.6142533936651584 0.01578124999999997 0.08054298642533941
1 0.74560546875 0.42194570135746606 0.01578125000000008 0.07339366515837104
1 0.273193359375 0.620497737556561 0.015605468750000018 0.08561085972850686
1 0.2001953125 0.620497737556561 0.01567382812500001 0.08524886877828043
1 0.56396484375 0.6040723981900452 0.015185546874999956 0.07312217194570148
1 0.38232421875 0.6142533936651584 0.01578124999999997 0.08117647058823528
1 0.345458984375 0.6165158371040724 0.015488281250000013 0.08208144796380085
1 0.41845703125 0.6119909502262444 0.015839843750000027 0.07927601809954743
1 0.60009765625 0.6046606334841629 0.015673828124999956 0.07488687782805435
1 0.81787109375 0.6012669683257919 0.01571289062499992 0.08235294117647053
1 0.3095703125 0.6176470588235294 0.015605468750000018 0.08511312217194571
1 0.09173828125 0.6244343891402715 0.016464843750000013 0.08610859728506776
1 0.7822265625 0.6001357466063348 0.015302734375000071 0.08384615384615372
1 0.52783203125 0.4318552036199095 0.01717773437499992 0.07656108597285075
1 0.6728515625 0.6029411764705882 0.014619140625000027 0.07117647058823538
1 0.237060546875 0.619366515837104 0.015361328125000018 0.08809954751131234
1 0.454345703125 0.4323981900452489 0.015839843750000027 0.07488687782805435
1 0.056337890625 0.4488235294117647 0.013798828124999996 0.0587330316742081
1 0.89111328125 0.6006787330316742 0.01571289062499992 0.08963800904977376
1 0.63623046875 0.6035294117647059 0.014843750000000044 0.0703619909502263
1 0.12830078125 0.4457013574660634 0.013476562500000011 0.05828054298642532
1 0.4912109375 0.4318552036199095 0.015839843750000027 0.07457013574660629
1 0.34619140625 0.4386425339366516 0.013740234375000049 0.05737556561085976
1 0.70947265625 0.4256108597285068 0.016464843749999902 0.07230769230769227
1 0.85400390625 0.4210859728506787 0.013427734375 0.05828054298642532
1 0.59912109375 0.4323981900452489 0.013691406249999982 0.05941176470588233
1 0.92626953125 0.41968325791855204 0.013691406249999982 0.061764705882352965
1 0.927734375 0.6029411764705882 0.01578125000000008 0.09276018099547512
1 0.309326171875 0.44176470588235295 0.013583984374999969 0.05782805429864254
1 0.16455078125 0.44656108597285066 0.013330078124999978 0.058959276018099555
1 0.0922265625 0.4457013574660634 0.013535156250000013 0.06271493212669689
1 0.634765625 0.4323981900452489 0.013740234374999938 0.06294117647058822
1 0.89013671875 0.4188235294117647 0.013476562499999956 0.058054298642533995
1 0.56298828125 0.4395022624434389 0.014179687499999982 0.06054298642533935
1 0.38232421875 0.43778280542986425 0.013896484375000018 0.0624434389140272
1 0.055419921875 0.6216289592760181 0.016025390624999997 0.08144796380090498
1 0.74560546875 0.6035294117647059 0.014228515624999938 0.07339366515837116
1 0.671875 0.4341176470588235 0.01327148437499992 0.058959276018099555
1 0.81640625 0.4256108597285068 0.014062500000000089 0.06126696832579182
1 0.41845703125 0.442579185520362 0.012871093749999951 0.05606334841628953