1 0.27197265625 0.43638009049773757 0.016582031250000018 0.0789592760180995
1 0.78173828125 0.6006787330316742 0.015429687499999956 0.08542986425339365
1 0.92724609375 0.5972850678733032 0.015898437499999973 0.08882352941176469
1 0.67236328125 0.6023981900452489 0.015361328125000018 0.07656108597285075
1 0.1991015625 0.4409049773755656 0.016728515624999996 0.07339366515837104
1 0.81787109375 0.5972850678733032 0.016337890625000018 0.08809954751131234
1 0.126591796875 0.6227601809954751 0.016279296875000016 0.08832579185520353
1 0.7080078125 0.5978733031674208 0.015253906249999893 0.0784162895927601
1 0.74462890625 0.6001357466063348 0.015361328125000018 0.08117647058823528
1 0.7431640625 0.4250678733031674 0.015488281249999902 0.07262443438914032
1 0.59912109375 0.6023981900452489 0.015673828124999956 0.07751131221719455
1 0.6357421875 0.6018099547511312 0.015898437499999973 0.07778280542986424
1 0.453369140625 0.6091855203619909 0.015898437499999973 0.08117647058823528
1 0.453369140625 0.4332579185520362 0.016787109375000053 0.08144796380090498
1 0.490234375 0.6097285067873304 0.01571289062500003 0.08144796380090498
1 0.271728515625 0.618235294117647 0.015898437499999973 0.08859728506787323
1 0.16296875 0.6227601809954751 0.016093750000000018 0.08796380090497737
1 0.70703125 0.42334841628959274 0.015429687499999956 0.07393665158371042
1 0.52587890625 0.6063348416289592 0.015302734375000071 0.08081447963800911
1 0.52587890625 0.43013574660633486 0.016464843749999902 0.07990950226244342
1 0.199345703125 0.6221719457013575 0.015957031249999976 0.08963800904977376
1 0.56298828125 0.6029411764705882 0.015126953125000009 0.07457013574660641
1 0.77978515625 0.4210859728506787 0.01578125000000008 0.07656108597285075
1 0.41748046875 0.6097285067873304 0.015839843750000027 0.08144796380090498
1 0.23583984375 0.6187782805429864 0.016093750000000018 0.08914027149321262
1 0.380859375 0.6131221719457014 0.016093750000000018 0.08208144796380085
1 0.34423828125 0.44429864253393664 0.013476562499999956 0.05850678733031677
1 0.89013671875 0.5956108597285068 0.01578125000000008 0.09036199095022637
1 0.090576171875 0.6238914027149322 0.01616210937500001 0.08882352941176469
1 0.235234375 0.43778280542986425 0.017304687500000027 0.0784162895927601
1 0.489990234375 0.43552036199095023 0.016728515624999996 0.08144796380090498
1 0.090576171875 0.4479638009049774 0.013476562500000011 0.058959276018099555
1 0.9248046875 0.4182805429864253 0.014062500000000089 0.06466063348416286
1 0.88818359375 0.4188235294117647 0.014287109375000107 0.06199095022624429
1 0.308349609375 0.619366515837104 0.015673828124999956 0.08542986425339365
1 0.053984375 0.4488235294117647 0.014384765625000004 0.059185520361991005
1 0.344482421875 0.615972850678733 0.016337890625000018 0.08461538461538456
1 0.81494140625 0.4264705882352941 0.013691406249999982 0.059864253393665114
1 0.5615234375 0.43723981900452485 0.014062500000000089 0.06416289592760184
1 0.163330078125 0.4457013574660634 0.014501953125000022 0.06221719457013575
1 0.8525390625 0.42334841628959274 0.013476562499999956 0.06099547511312212
1 0.30810546875 0.44429864253393664 0.013476562499999956 0.058959276018099555
1 0.67041015625 0.4341176470588235 0.013125000000000053 0.06036199095022626
1 0.63427734375 0.4318552036199095 0.013632812500000036 0.06126696832579182
1 0.85400390625 0.5882352941176471 0.01578125000000008 0.09438914027149327
1 0.59814453125 0.4323981900452489 0.013847656250000062 0.06054298642533935
1 0.05419921875 0.6199095022624435 0.01646484375 0.0829864253393664
1 0.417236328125 0.447420814479638 0.013798828124999996 0.06294117647058822
1 0.127197265625 0.4457013574660634 0.013027343749999976 0.055837104072398204
1 0.381103515625 0.44429864253393664 0.013066406249999996 0.058054298642533995