1 0.368408203125 0.4323981900452489 0.013955078124999964 0.06054298642533935
1 0.077939453125 0.6176470588235294 0.016660156250000002 0.07425339366515848
1 0.259521484375 0.6114479638009049 0.015898437499999973 0.07425339366515848
1 0.9501953125 0.5692760180995475 0.01578125000000008 0.08018099547511325
1 0.8037109375 0.40271493212669685 0.015302734375000071 0.07176470588235301
1 0.876953125 0.5741176470588235 0.01553710937500008 0.07312217194570148
1 0.404296875 0.4318552036199095 0.014228515625000049 0.058959276018099555
1 0.73095703125 0.4072398190045249 0.015361328125000018 0.0700904977375566
1 0.65771484375 0.415158371040724 0.013896484375000018 0.059185520361991005
1 0.18701171875 0.614841628959276 0.016337890625000018 0.07425339366515848
1 0.62109375 0.417420814479638 0.01400390624999992 0.059864253393665114
1 0.2958984375 0.612579185520362 0.015673828124999956 0.07425339366515848
1 0.7666015625 0.4058371040723982 0.015078125000000053 0.07067873303167423
1 0.36865234375 0.6040723981900452 0.014785156249999987 0.07067873303167423
1 0.150029296875 0.6165158371040724 0.015078124999999998 0.07230769230769239
1 0.76806640625 0.5775113122171945 0.015361328125000018 0.07280542986425328
1 0.332275390625 0.6108597285067874 0.015839843750000027 0.07628959276018106
1 0.9130859375 0.5721266968325792 0.01571289062499992 0.07628959276018106
1 0.8046875 0.5780542986425339 0.015078125000000053 0.07199095022624445
1 0.33203125 0.43723981900452485 0.014111328125000044 0.059864253393665114
1 0.44140625 0.6012669683257919 0.015429687499999956 0.07067873303167423
1 0.51318359375 0.5944796380090498 0.014951171874999947 0.06904977375565607
1 0.8408203125 0.5769230769230769 0.014785156250000098 0.07339366515837116
1 0.477783203125 0.5950226244343891 0.015185546874999956 0.06959276018099546
1 0.11419921875 0.618235294117647 0.015429687500000011 0.07312217194570148
1 0.441162109375 0.4332579185520362 0.014902343749999991 0.06316742081447968
1 0.55029296875 0.4228054298642534 0.016337890625000018 0.07778280542986424
1 0.69384765625 0.41375565610859727 0.014501953124999911 0.06081447963800904
1 0.150634765625 0.44176470588235295 0.013476562500000011 0.05828054298642532
1 0.18701171875 0.4395022624434389 0.014453125000000011 0.06126696832579182
1 0.58642578125 0.5882352941176471 0.015839843750000027 0.06538461538461533
1 0.6591796875 0.5854298642533936 0.014785156250000098 0.06927601809954752
1 0.40478515625 0.6063348416289592 0.01530273437499996 0.07199095022624445
1 0.295166015625 0.4318552036199095 0.015673828124999956 0.07280542986425341
1 0.5849609375 0.4210859728506787 0.014501953124999911 0.06099547511312212
1 0.732421875 0.5797737556561086 0.014501953124999911 0.07176470588235301
1 0.51318359375 0.4228054298642534 0.016464843749999902 0.07683257918552032
1 0.223271484375 0.6142533936651584 0.015361328125000018 0.07117647058823538
1 0.114560546875 0.440316742081448 0.01369140625000001 0.05669683257918553
1 0.6220703125 0.5882352941176471 0.015429687499999956 0.06877828054298638
1 0.55078125 0.5888235294117646 0.015126953125000009 0.06466063348416298
1 0.259521484375 0.43497737556561084 0.016982421874999987 0.07542986425339374
1 0.477294921875 0.4256108597285068 0.01724609374999997 0.07927601809954755
1 0.91259765625 0.39705882352941174 0.013632812500000036 0.058959276018099555
1 0.8388671875 0.4058371040723982 0.014384765625000018 0.06126696832579182
1 0.8759765625 0.4007239819004525 0.013896484375000018 0.05963800904977379
1 0.223271484375 0.43552036199095023 0.016337890625000018 0.07457013574660629
1 0.078251953125 0.4409049773755656 0.01438476562499999 0.05782805429864254
1 0.94921875 0.39280542986425343 0.014179687499999982 0.06393665158371038
1 0.6953125 0.583710407239819 0.014785156250000098 0.07067873303167423