1 0.4921875 0.42959276018099546 0.015839843750000027 0.07927601809954755
1 0.5283203125 0.42733031674208144 0.016406249999999956 0.07778280542986424
1 0.455322265625 0.42787330316742084 0.016660156249999947 0.07990950226244342
1 0.74560546875 0.4182805429864253 0.015839843750000027 0.07067873303167423
1 0.564453125 0.5938914027149321 0.015185546874999956 0.06466063348416298
1 0.85546875 0.5854298642533936 0.015185546874999956 0.0703619909502263
1 0.6357421875 0.4250678733031674 0.013691406249999982 0.06221719457013575
1 0.20068359375 0.6119909502262444 0.015185546875000011 0.07488687782805435
1 0.273681640625 0.6085972850678733 0.015253906250000004 0.07425339366515848
1 0.7822265625 0.4160180995475113 0.015605468750000018 0.07366515837104073
1 0.7822265625 0.5865610859728506 0.015019531250000107 0.07339366515837116
1 0.89111328125 0.5842986425339366 0.01627929687500007 0.07457013574660641
1 0.81884765625 0.5876923076923076 0.015078125000000053 0.0703619909502263
1 0.45556640625 0.5990045248868778 0.01571289062500003 0.06619909502262442
1 0.273681640625 0.42959276018099546 0.015898437499999973 0.07425339366515836
1 0.59912109375 0.4242081447963801 0.013896484375000018 0.06221719457013575
1 0.16443359375 0.6142533936651584 0.015712890624999976 0.07488687782805435
1 0.708984375 0.4188235294117647 0.015898437499999973 0.07230769230769227
1 0.34619140625 0.6040723981900452 0.015253906250000004 0.07117647058823538
1 0.20154296875 0.43497737556561084 0.016582031250000018 0.07339366515837104
1 0.92822265625 0.5842986425339366 0.01652343750000007 0.07570135746606343
1 0.6728515625 0.5927601809954751 0.014902343749999991 0.06850678733031668
1 0.74658203125 0.5876923076923076 0.015078125000000053 0.07090497737556568
1 0.310302734375 0.6080542986425339 0.015019531249999996 0.07176470588235301
1 0.383056640625 0.6040723981900452 0.015253906250000004 0.0700904977375566
1 0.63623046875 0.5927601809954751 0.014951171874999947 0.06696832579185526
1 0.237548828125 0.6108597285067874 0.015839843750000027 0.07628959276018106
1 0.6005859375 0.5916289592760181 0.015673828124999956 0.06619909502262442
1 0.491455078125 0.5995475113122172 0.015185546874999956 0.06696832579185526
1 0.2381640625 0.4309954751131222 0.016025390625000024 0.07262443438914032
1 0.71044921875 0.5854298642533936 0.015078125000000053 0.0700904977375566
1 0.12830078125 0.6142533936651584 0.015185546875000011 0.07488687782805435
1 0.3828125 0.43552036199095023 0.014228515625000049 0.06515837104072401
1 0.41943359375 0.6023981900452489 0.015537109374999969 0.06850678733031668
1 0.52734375 0.5956108597285068 0.015361328125000018 0.06488687782805419
1 0.129150390625 0.4395022624434389 0.01322265625000002 0.060090497737556564
1 0.0913671875 0.6165158371040724 0.016279296875000016 0.07570135746606343
1 0.3466796875 0.43552036199095023 0.013896484375000018 0.06149321266968327
1 0.85498046875 0.4165610859728507 0.013740234374999938 0.06126696832579182
1 0.056123046875 0.6119909502262444 0.016787109374999998 0.07683257918552044
1 0.67236328125 0.4250678733031674 0.014287109375000107 0.06619909502262442
1 0.31005859375 0.43552036199095023 0.014560546874999969 0.06416289592760184
1 0.92626953125 0.4123529411764706 0.014501953124999911 0.06416289592760184
1 0.5634765625 0.4309954751131222 0.014667968749999982 0.06619909502262442
1 0.09283203125 0.4386425339366516 0.01369140625000001 0.06126696832579182
1 0.165283203125 0.4409049773755656 0.014003906249999976 0.06294117647058822
1 0.89111328125 0.4146153846153846 0.01400390624999992 0.06393665158371038
1 0.81689453125 0.41968325791855204 0.013691406249999982 0.06149321266968327
1 0.05697265625 0.43552036199095023 0.014335937500000007 0.06054298642533935
1 0.4189453125 0.43723981900452485 0.014667968749999982 0.06393665158371038