0 0.181181640625 0.6126244343891402 0.02373046875000001 0.08262443438914023
0 0.283671875 0.4557466063348416 0.025009765625000013 0.1261085972850679
0 0.429111328125 0.4395022624434389 0.024296874999999996 0.10416289592760186
0 0.320556640625 0.4242081447963801 0.016464843750000013 0.0795927601809955
0 0.1346484375 0.4589140271493213 0.026611328125 0.1370135746606335
0 0.220263671875 0.46348416289592764 0.029238281249999998 0.1463348416289593
0 0.57431640625 0.4294117647058824 0.02245117187500001 0.10239819004524885
0 0.61181640625 0.5901357466063348 0.02238281250000007 0.08479638009049778
0 0.50478515625 0.4135746606334842 0.019814453124999964 0.11095022624434393
0 0.54033203125 0.4154298642533937 0.01854492187500001 0.11049773755656116
1 0.466796875 0.42380090497737555 0.017441406250000013 0.08221719457013582
0 0.64443359375 0.4400904977375566 0.02189453125000007 0.11253393665158373
0 0.71865234375 0.4289592760180995 0.022978515624999973 0.0963800904977376
0 0.7580078125 0.582398190045249 0.01918945312500009 0.09778280542986431
0 0.78955078125 0.42737556561085976 0.024550781250000098 0.11194570135746611
0 0.8298828125 0.4133031674208145 0.019980468750000036 0.08384615384615385
0 0.865625 0.430814479638009 0.018750000000000044 0.11506787330316745
0 0.8251953125 0.5736199095022624 0.028017578125000053 0.11696832579185518
0 0.90361328125 0.5535294117647058 0.016416015624999947 0.12063348416289592
0 0.9435546875 0.5860633484162896 0.025019531249999893 0.08606334841628951
0 0.974609375 0.4092760180995475 0.019335937499999956 0.0840723981900453
0 0.90205078125 0.4197737556561086 0.020751953125 0.0902262443438914
0 0.97763671875 0.5448868778280543 0.01700195312500008 0.13185520361990957
1 0.213017578125 0.6057918552036199 0.015302734375000016 0.06488687782805419
0 0.577138671875 0.5943438914027149 0.019150390624999902 0.09099547511312224
0 0.46416015625 0.6130316742081448 0.02873046874999996 0.11506787330316745
0 0.3892578125 0.6332579185520362 0.028124999999999956 0.15135746606334838
0 0.353662109375 0.45904977375565614 0.028076171875 0.1491402714932127
0 0.358251953125 0.6250226244343892 0.018583984374999973 0.12823529411764695
0 0.54560546875 0.6021719457013576 0.030136718749999902 0.10556561085972843
0 0.245009765625 0.623076923076923 0.02410156249999995 0.11058823529411764
0 0.75634765625 0.4182805429864253 0.017441406249999902 0.07927601809954755
1 0.64892578125 0.5916289592760181 0.015429687499999956 0.0677375565610861
1 0.28564453125 0.6012669683257919 0.015488281250000013 0.06927601809954752
1 0.140263671875 0.6063348416289592 0.015361328125000018 0.06796380090497729
1 0.50390625 0.5961538461538461 0.01578125000000008 0.06877828054298638
0 0.72119140625 0.5859728506787331 0.01602539062500008 0.07067873303167423
1 0.248662109375 0.43497737556561084 0.016728515624999996 0.07339366515837104
1 0.4306640625 0.5961538461538461 0.016337890625000018 0.06696832579185526
1 0.393310546875 0.43013574660633486 0.015126953125000009 0.06343891402714937
0 0.317626953125 0.6233031674208145 0.023417968750000018 0.11447963800904983
0 0.86669921875 0.5797737556561086 0.015185546874999956 0.07515837104072404
1 0.68310546875 0.43638009049773757 0.014335937500000062 0.06393665158371038
0 0.79443359375 0.5809049773755656 0.015898437499999973 0.07570135746606343
0 0.93896484375 0.4287330316742081 0.015078125000000053 0.07176470588235301
0 0.175537109375 0.43497737556561084 0.014951171875000002 0.061764705882352965
0 0.68408203125 0.5797737556561086 0.017109374999999982 0.0829864253393664
0 0.6103515625 0.42787330316742084 0.018583984374999973 0.07457013574660629
0 0.098759765625 0.6244343891402715 0.0256640625 0.09941176470588248
1 0.1015625 0.4386425339366516 0.01633789062499999 0.06294117647058822