1 0.09234375 0.4434389140271493 0.013222656249999992 0.059864253393665114
1 0.200556640625 0.6142533936651584 0.014902343749999991 0.07312217194570148
1 0.09125 0.6210407239819005 0.015302734374999988 0.07230769230769239
1 0.273681640625 0.613710407239819 0.015185546874999956 0.07230769230769239
1 0.163818359375 0.6176470588235294 0.015537109375000024 0.06986425339366514
1 0.1279296875 0.6187782805429864 0.015253906250000004 0.07199095022624445
1 0.345458984375 0.6103167420814479 0.01530273437499996 0.07312217194570148
1 0.23681640625 0.6131221719457014 0.015537109375000024 0.07280542986425328
1 0.3095703125 0.6142533936651584 0.015185546874999956 0.07149321266968331
1 0.455078125 0.6023981900452489 0.015537109374999969 0.06696832579185526
1 0.78173828125 0.5933484162895928 0.014619140625000027 0.07090497737556568
1 0.4912109375 0.6012669683257919 0.015019531249999996 0.06696832579185526
1 0.12890625 0.44429864253393664 0.013427734375 0.06081447963800904
1 0.38232421875 0.6052036199095022 0.015488281250000013 0.07176470588235301
1 0.67236328125 0.5956108597285068 0.015126953125000009 0.06515837104072388
1 0.81787109375 0.5922171945701358 0.015488281249999902 0.0736651583710406
1 0.164921875 0.44656108597285066 0.014228515624999993 0.06416289592760184
1 0.74560546875 0.5922171945701358 0.014785156250000098 0.07280542986425328
1 0.6357421875 0.5984162895927602 0.015078125000000053 0.06619909502262442
1 0.52685546875 0.5984162895927602 0.01595703124999992 0.06642533936651587
1 0.60009765625 0.5972850678733032 0.01578125000000008 0.06538461538461533
1 0.05697265625 0.4386425339366516 0.013955078124999992 0.059185520361991005
1 0.59912109375 0.4309954751131222 0.01358398437500008 0.05941176470588233
1 0.56396484375 0.5978733031674208 0.015488281249999902 0.06665158371040732
1 0.0551171875 0.615972850678733 0.016660156250000002 0.07312217194570148
1 0.8544921875 0.5927601809954751 0.014501953124999911 0.06904977375565607
1 0.4189453125 0.6057918552036199 0.015673828124999956 0.06828054298642523
1 0.89111328125 0.5899547511312216 0.015253906249999893 0.07488687782805435
1 0.3095703125 0.4395022624434389 0.013955078124999964 0.0624434389140272
1 0.708984375 0.4210859728506787 0.014843750000000044 0.07176470588235301
1 0.6357421875 0.43013574660633486 0.014179687499999982 0.06316742081447968
1 0.927734375 0.5922171945701358 0.01627929687500007 0.07628959276018106
1 0.345947265625 0.43778280542986425 0.013271484375000031 0.06271493212669689
1 0.85400390625 0.4188235294117647 0.014335937500000062 0.06054298642533935
1 0.78173828125 0.4188235294117647 0.014951171874999947 0.07090497737556556
1 0.89013671875 0.415158371040724 0.014179687499999982 0.0624434389140272
1 0.92626953125 0.4146153846153846 0.014619140625000027 0.06619909502262442
1 0.7451171875 0.4210859728506787 0.014951171874999947 0.06986425339366514
1 0.56298828125 0.43552036199095023 0.01456054687500008 0.06343891402714937
1 0.81689453125 0.42334841628959274 0.013896484375000018 0.06199095022624429
1 0.671875 0.42959276018099546 0.01400390624999992 0.06488687782805432
1 0.273681640625 0.43497737556561084 0.01652343749999996 0.07927601809954755
1 0.3828125 0.44176470588235295 0.014003906250000031 0.06036199095022626
1 0.708984375 0.5938914027149321 0.015126953125000009 0.06904977375565607
1 0.237548828125 0.43497737556561084 0.016660156250000002 0.07601809954751136
1 0.52734375 0.43013574660633486 0.01652343750000007 0.0795927601809955
1 0.41845703125 0.44176470588235295 0.014619140625000027 0.06466063348416286
1 0.20068359375 0.440316742081448 0.017441406250000013 0.07149321266968331
1 0.491455078125 0.43013574660633486 0.01602539062499997 0.08208144796380085
1 0.455078125 0.4332579185520362 0.016845703125 0.08081447963800911