1 0.4921875 0.6057918552036199 0.015361328125000018 0.0643891402714933
1 0.346435546875 0.612579185520362 0.015488281250000013 0.06850678733031668
1 0.3828125 0.6097285067873304 0.015185546874999956 0.06696832579185526
1 0.31005859375 0.615972850678733 0.015019531249999996 0.07199095022624445
1 0.27392578125 0.6142533936651584 0.015185546874999956 0.06986425339366514
1 0.7822265625 0.5972850678733032 0.014619140625000027 0.0674660633484164
1 0.52783203125 0.6023981900452489 0.014843750000000044 0.06294117647058835
1 0.74560546875 0.5972850678733032 0.01456054687500008 0.06665158371040732
1 0.60009765625 0.6012669683257919 0.015429687499999956 0.0624434389140272
1 0.564453125 0.6018099547511312 0.014785156250000098 0.0624434389140272
1 0.201171875 0.615972850678733 0.015302734375000016 0.07199095022624445
1 0.67333984375 0.6006787330316742 0.01400390624999992 0.06316742081447954
1 0.85498046875 0.5972850678733032 0.01473632812499992 0.06959276018099546
1 0.70947265625 0.5967420814479638 0.014228515624999938 0.06515837104072388
1 0.63623046875 0.6006787330316742 0.014785156250000098 0.06393665158371038
1 0.16455078125 0.6199095022624435 0.015781250000000024 0.07067873303167423
1 0.455322265625 0.6052036199095022 0.015839843750000027 0.06515837104072388
1 0.092041015625 0.6216289592760181 0.015488281250000013 0.0703619909502263
1 0.41943359375 0.6069230769230769 0.015488281250000013 0.06466063348416298
1 0.81787109375 0.5995475113122172 0.014843750000000044 0.06986425339366514
1 0.129033203125 0.618235294117647 0.014843749999999989 0.06850678733031668
1 0.8916015625 0.5967420814479638 0.016093750000000018 0.07339366515837116
1 0.237548828125 0.6142533936651584 0.014951171875000002 0.06796380090497729
1 0.7822265625 0.4188235294117647 0.014902343749999991 0.06696832579185526
1 0.056552734375 0.619366515837104 0.01640625000000001 0.07262443438914032
1 0.74560546875 0.42194570135746606 0.015185546874999956 0.06746606334841627
1 0.70947265625 0.42334841628959274 0.015078125000000053 0.06719457013574658
1 0.273681640625 0.43778280542986425 0.015537109374999969 0.07117647058823524
1 0.2010546875 0.44176470588235295 0.01738281250000001 0.0700904977375566
1 0.455322265625 0.43497737556561084 0.016982421874999987 0.07425339366515836
1 0.4921875 0.43497737556561084 0.01595703124999992 0.07656108597285075
1 0.927734375 0.5972850678733032 0.016728515625000107 0.07805429864253394
1 0.63671875 0.4264705882352941 0.013740234374999938 0.05782805429864254
1 0.67333984375 0.4256108597285068 0.013535156249999902 0.05850678733031677
1 0.419677734375 0.43723981900452485 0.013896484375000018 0.059864253393665114
1 0.346923828125 0.43552036199095023 0.013476562499999956 0.055837104072398204
1 0.16541015625 0.44176470588235295 0.014062499999999978 0.05782805429864254
1 0.383056640625 0.43497737556561084 0.013535156250000013 0.058054298642533995
1 0.5634765625 0.4323981900452489 0.014228515624999938 0.05850678733031677
1 0.60009765625 0.42733031674208144 0.014062500000000089 0.05669683257918553
1 0.237919921875 0.43638009049773757 0.017714843749999987 0.07515837104072404
1 0.31005859375 0.43778280542986425 0.013798828124999996 0.05782805429864254
1 0.529296875 0.4318552036199095 0.01791015624999992 0.07990950226244342
1 0.85498046875 0.4188235294117647 0.013847656250000062 0.058959276018099555
1 0.81787109375 0.42334841628959274 0.013798828125000107 0.05696832579185522
1 0.89111328125 0.415158371040724 0.013955078124999964 0.059185520361991005
1 0.09271484375 0.4409049773755656 0.013222656249999992 0.05542986425339366
1 0.129150390625 0.442579185520362 0.013066406249999996 0.055837104072398204
1 0.056337890625 0.4386425339366516 0.014335937500000007 0.05696832579185522
1 0.9267578125 0.415158371040724 0.014501953124999911 0.06126696832579182