1 0.260498046875 0.415158371040724 0.016787109375000053 0.07090497737556556
1 0.732421875 0.38461538461538464 0.015488281249999902 0.07280542986425341
1 0.5146484375 0.5729864253393665 0.015898437499999973 0.07457013574660641
1 0.296142578125 0.4100904977375565 0.016660156249999947 0.07601809954751136
1 0.80419921875 0.37895927601809953 0.015673828124999956 0.07199095022624433
1 0.76806640625 0.3818099547511312 0.014902343749999991 0.07176470588235301
1 0.224248046875 0.4160180995475113 0.016523437500000016 0.07230769230769227
1 0.078916015625 0.5995475113122172 0.01633789062499999 0.0789592760180995
1 0.58642578125 0.4013122171945701 0.014453124999999956 0.06515837104072401
1 0.11517578125 0.4210859728506787 0.012968750000000001 0.05828054298642532
1 0.478271484375 0.4058371040723982 0.01717773437500003 0.0786877828054298
1 0.76904296875 0.5560180995475112 0.015126953125000009 0.06904977375565607
1 0.587890625 0.5673303167420815 0.01578125000000008 0.0677375565610861
1 0.47900390625 0.5735294117647058 0.016220703125000013 0.07656108597285075
1 0.55126953125 0.5673303167420815 0.015898437499999973 0.07262443438914032
1 0.55126953125 0.40271493212669685 0.01602539062500008 0.07990950226244342
1 0.36962890625 0.4100904977375565 0.014003906250000031 0.061764705882352965
1 0.951171875 0.5495022624434389 0.01595703124999992 0.0784162895927601
1 0.260986328125 0.5910859728506788 0.01571289062500003 0.08054298642533941
1 0.66015625 0.5639366515837104 0.015361328125000018 0.07117647058823538
1 0.44287109375 0.581447963800905 0.016337890625000018 0.07805429864253394
1 0.84033203125 0.38122171945701355 0.014228515624999938 0.06036199095022626
1 0.369873046875 0.5831674208144796 0.015605468750000018 0.08271493212669671
1 0.841796875 0.5542986425339367 0.01553710937500008 0.0700904977375566
1 0.405517578125 0.41149321266968325 0.014111328125000044 0.0624434389140272
1 0.5146484375 0.40357466063348413 0.016582031250000018 0.08117647058823528
1 0.33349609375 0.5882352941176471 0.01578124999999997 0.08171945701357466
1 0.62353515625 0.5658823529411765 0.01553710937500008 0.0674660633484164
1 0.07861328125 0.4228054298642534 0.014453125000000011 0.05963800904977379
1 0.15125 0.41968325791855204 0.013271484374999976 0.05963800904977379
1 0.6591796875 0.39506787330316745 0.014619140625000027 0.06294117647058822
1 0.6220703125 0.3979185520361991 0.01473632812499992 0.06316742081447968
1 0.9140625 0.37357466063348416 0.01473632812499992 0.06081447963800904
1 0.80517578125 0.5545701357466063 0.015302734375000071 0.06927601809954752
1 0.18787109375 0.4205429864253394 0.013740234374999993 0.06036199095022626
1 0.87841796875 0.5531674208144797 0.015361328125000018 0.07090497737556568
1 0.297119140625 0.5961538461538461 0.014785156249999987 0.0739366515837103
1 0.40673828125 0.5820361990950226 0.016660156249999947 0.0829864253393664
1 0.9140625 0.5523076923076923 0.01578125000000008 0.07262443438914032
1 0.187626953125 0.6012669683257919 0.015253906250000004 0.0739366515837103
1 0.33349609375 0.41375565610859727 0.014736328125000031 0.06316742081447968
1 0.6962890625 0.5624886877828055 0.016093750000000018 0.07117647058823538
1 0.9501953125 0.3716289592760181 0.014384765625000018 0.06221719457013575
1 0.87744140625 0.37642533936651584 0.013847656250000062 0.05782805429864254
1 0.73291015625 0.5576923076923077 0.015302734375000071 0.07117647058823538
1 0.1513671875 0.5995475113122172 0.015537109375000024 0.0839819004524887
1 0.22400390625 0.5922171945701358 0.017109374999999982 0.08384615384615372
1 0.69580078125 0.39280542986425343 0.014384765625000018 0.06393665158371038
1 0.115537109375 0.6097285067873304 0.015126953125000009 0.0700904977375566
1 0.442138671875 0.4100904977375565 0.016728515624999996 0.07067873303167423