1 0.490966796875 0.5950226244343891 0.014785156249999987 0.06619909502262442
1 0.3818359375 0.6018099547511312 0.015185546874999956 0.06927601809954752
1 0.60009765625 0.5888235294117646 0.015488281249999902 0.06294117647058835
1 0.67236328125 0.5859728506787331 0.014453124999999956 0.06515837104072388
1 0.6357421875 0.5882352941176471 0.014843750000000044 0.06466063348416298
1 0.056240234375 0.4309954751131222 0.013378906249999989 0.057149321266968305
1 0.56396484375 0.5893665158371041 0.01473632812499992 0.06294117647058835
1 0.309326171875 0.6052036199095022 0.014736328125000031 0.07149321266968331
1 0.74560546875 0.5809049773755656 0.014667968749999982 0.06850678733031668
1 0.454345703125 0.5938914027149321 0.015126953125000009 0.06665158371040732
1 0.92626953125 0.4013122171945701 0.014287109375000107 0.06343891402714937
1 0.273193359375 0.6035294117647059 0.014785156249999987 0.07262443438914032
1 0.85498046875 0.5797737556561086 0.015126953125000009 0.07280542986425328
1 0.237431640625 0.42733031674208144 0.015488281250000013 0.06850678733031668
1 0.454345703125 0.4228054298642534 0.016982421874999987 0.07393665158371042
1 0.345458984375 0.6029411764705882 0.01530273437499996 0.07339366515837116
1 0.382080078125 0.4287330316742081 0.013583984374999969 0.05941176470588233
1 0.41845703125 0.6006787330316742 0.015673828124999956 0.0700904977375566
1 0.7080078125 0.41149321266968325 0.01456054687500008 0.06746606334841627
1 0.52685546875 0.5899547511312216 0.014902343749999991 0.06466063348416298
1 0.2001953125 0.6057918552036199 0.015126953125000009 0.07176470588235301
1 0.78125 0.5797737556561086 0.014619140625000027 0.07067873303167423
1 0.091552734375 0.4318552036199095 0.013271484375000003 0.05669683257918553
1 0.272705078125 0.4256108597285068 0.01595703125000003 0.07149321266968331
1 0.20056640625 0.42959276018099546 0.016025390625000024 0.06986425339366514
1 0.927734375 0.5760633484162896 0.016220703124999902 0.07570135746606343
1 0.634765625 0.4165610859728507 0.013740234374999938 0.06036199095022626
1 0.345703125 0.4287330316742081 0.013583984374999969 0.06036199095022626
1 0.23681640625 0.6023981900452489 0.014951171875000002 0.07280542986425328
1 0.12841796875 0.43013574660633486 0.012871093750000007 0.059185520361991005
1 0.78076171875 0.40923076923076923 0.015361328125000018 0.06959276018099546
1 0.164306640625 0.4332579185520362 0.014384765625000018 0.05963800904977379
1 0.3095703125 0.42959276018099546 0.013632812500000036 0.05963800904977379
1 0.5986328125 0.4182805429864253 0.01358398437500008 0.05850678733031677
1 0.74462890625 0.41149321266968325 0.014843750000000044 0.06850678733031668
1 0.818359375 0.5809049773755656 0.015019531250000107 0.07067873303167423
1 0.81640625 0.41149321266968325 0.013740234374999938 0.059864253393665114
1 0.890625 0.5780542986425339 0.015361328125000018 0.07312217194570148
1 0.7080078125 0.5854298642533936 0.014179687499999982 0.06538461538461533
1 0.52734375 0.41968325791855204 0.01571289062499992 0.07393665158371042
1 0.490966796875 0.4228054298642534 0.01595703125000003 0.0703619909502263
1 0.5625 0.42334841628959274 0.014179687499999982 0.06054298642533935
1 0.163701171875 0.6103167420814479 0.015605468750000018 0.07425339366515848
1 0.1279296875 0.6103167420814479 0.015078124999999998 0.07149321266968331
1 0.8896484375 0.4007239819004525 0.013955078124999964 0.06271493212669689
1 0.85400390625 0.4078280542986425 0.013632812500000036 0.060090497737556564
1 0.0913671875 0.612579185520362 0.015712890625000003 0.07280542986425328
1 0.054814453125 0.6085972850678733 0.016337890625000004 0.07425339366515848
1 0.41845703125 0.4287330316742081 0.014560546874999969 0.06416289592760184
1 0.671875 0.4188235294117647 0.013740234374999938 0.06126696832579182