1 0.56640625 0.6012669683257919 0.01578125000000008 0.06959276018099546
1 0.276123046875 0.43638009049773757 0.016582031250000018 0.07628959276018106
1 0.20349609375 0.614841628959276 0.016220703125000013 0.07601809954751136
1 0.6396484375 0.5972850678733032 0.015253906249999893 0.07176470588235301
1 0.421630859375 0.6046606334841629 0.015898437499999973 0.07457013574660641
1 0.312744140625 0.6131221719457014 0.016093750000000018 0.0784162895927601
1 0.494384765625 0.6052036199095022 0.015673828124999956 0.07457013574660641
1 0.60302734375 0.6018099547511312 0.015488281249999902 0.06877828054298638
1 0.27587890625 0.6142533936651584 0.01595703125000003 0.07656108597285075
1 0.5302734375 0.6012669683257919 0.01595703124999992 0.07067873303167423
1 0.239873046875 0.614841628959276 0.015839843750000027 0.07425339366515848
1 0.67529296875 0.5978733031674208 0.01473632812499992 0.0700904977375566
1 0.240234375 0.43723981900452485 0.016523437500000016 0.07628959276018106
1 0.38525390625 0.6097285067873304 0.01602539062499997 0.07683257918552044
1 0.093876953125 0.6187782805429864 0.015957031250000003 0.07542986425339374
1 0.457275390625 0.6018099547511312 0.017041015625000044 0.07751131221719455
1 0.34912109375 0.6108597285067874 0.016093750000000018 0.07683257918552044
1 0.1307421875 0.618235294117647 0.015957031249999976 0.07683257918552044
1 0.494384765625 0.4318552036199095 0.016162109374999956 0.08746606334841622
1 0.1669921875 0.61710407239819 0.016279296875000016 0.07628959276018106
1 0.7119140625 0.4228054298642534 0.015673828124999956 0.07488687782805435
1 0.9306640625 0.5927601809954751 0.016728515625000107 0.08638009049773744
1 0.458251953125 0.42959276018099546 0.01627929687499996 0.08171945701357466
1 0.20349609375 0.4395022624434389 0.016660156250000002 0.07601809954751136
1 0.56591796875 0.43778280542986425 0.014843750000000044 0.0636651583710407
1 0.7119140625 0.5944796380090498 0.015302734375000071 0.07312217194570148
1 0.5302734375 0.42959276018099546 0.016220703124999902 0.08208144796380085
1 0.78515625 0.5995475113122172 0.015429687499999956 0.07959276018099536
1 0.312744140625 0.4434389140271493 0.014560546874999969 0.0636651583710407
1 0.89404296875 0.5933484162895928 0.015253906249999893 0.07927601809954743
1 0.78369140625 0.41968325791855204 0.015605468750000018 0.07656108597285075
1 0.857421875 0.5956108597285068 0.015488281249999902 0.07927601809954743
1 0.74755859375 0.4210859728506787 0.01578125000000008 0.07425339366515836
1 0.82080078125 0.5938914027149321 0.01627929687500007 0.08235294117647053
1 0.6025390625 0.43497737556561084 0.014453124999999956 0.061764705882352965
1 0.058896484375 0.614841628959276 0.0158984375 0.07751131221719455
1 0.6748046875 0.4318552036199095 0.013632812500000036 0.06416289592760184
1 0.63818359375 0.4309954751131222 0.013798828125000107 0.0657013574660634
1 0.74853515625 0.5995475113122172 0.015078125000000053 0.07230769230769239
1 0.8203125 0.42334841628959274 0.014179687499999982 0.06592760180995472
1 0.857421875 0.42334841628959274 0.013535156249999902 0.0657013574660634
1 0.385498046875 0.440316742081448 0.014335937499999951 0.06271493212669689
1 0.1307421875 0.4457013574660634 0.014736328124999976 0.06221719457013575
1 0.89306640625 0.4205429864253394 0.013378906250000044 0.06488687782805432
1 0.167119140625 0.447420814479638 0.014951171875000002 0.06488687782805432
1 0.92919921875 0.41289592760180993 0.014785156250000098 0.06592760180995472
1 0.094482421875 0.4479638009049774 0.013583984374999997 0.06081447963800904
1 0.421630859375 0.44176470588235295 0.013955078124999964 0.06316742081447968
1 0.059111328125 0.4488235294117647 0.014335937500000007 0.06271493212669689
1 0.34912109375 0.43552036199095023 0.014287109374999996 0.06796380090497742