1 0.056240234375 0.4592760180995475 0.01389648437499999 0.058054298642533995
1 0.7099609375 0.4287330316742081 0.01571289062499992 0.07393665158371042
1 0.2371875 0.447420814479638 0.017636718750000002 0.07656108597285075
1 0.9267578125 0.42334841628959274 0.014501953124999911 0.06515837104072401
1 0.7822265625 0.4242081447963801 0.015839843750000027 0.07339366515837104
1 0.52734375 0.6046606334841629 0.015185546874999956 0.06538461538461533
1 0.455078125 0.6052036199095022 0.01602539062499997 0.06959276018099546
1 0.31005859375 0.619366515837104 0.015537109374999969 0.0739366515837103
1 0.92822265625 0.5927601809954751 0.016464843749999902 0.07959276018099536
1 0.89208984375 0.5927601809954751 0.01553710937500008 0.07457013574660641
1 0.81689453125 0.4318552036199095 0.014287109375000107 0.060090497737556564
1 0.7451171875 0.42787330316742084 0.014843750000000044 0.07090497737556556
1 0.092041015625 0.4561538461538462 0.012578124999999996 0.05520361990950221
1 0.5283203125 0.43778280542986425 0.016982421875000098 0.08208144796380085
1 0.491943359375 0.6069230769230769 0.015839843750000027 0.06538461538461533
1 0.128662109375 0.6272850678733032 0.016093750000000018 0.08054298642533941
1 0.345947265625 0.4488235294117647 0.013222656249999964 0.06036199095022626
1 0.491943359375 0.44176470588235295 0.016845703125 0.08081447963800911
1 0.27392578125 0.6210407239819005 0.01627929687499996 0.07656108597285075
1 0.63671875 0.6023981900452489 0.015126953125000009 0.06665158371040732
1 0.20154296875 0.4488235294117647 0.017177734374999976 0.07542986425339374
1 0.45556640625 0.440316742081448 0.017304687500000027 0.08208144796380085
1 0.78271484375 0.5990045248868778 0.014843750000000044 0.06986425339366514
1 0.2010546875 0.6216289592760181 0.016337890625000018 0.0789592760180995
1 0.1650390625 0.4567420814479638 0.014501953125000022 0.06199095022624429
1 0.3095703125 0.45361990950226244 0.014062499999999978 0.059185520361991005
1 0.60107421875 0.6023981900452489 0.014951171874999947 0.06570135746606326
1 0.67236328125 0.4409049773755656 0.01358398437500008 0.06054298642533935
1 0.383056640625 0.6153846153846154 0.015673828124999956 0.06959276018099546
1 0.12890625 0.45533936651583706 0.012724609374999973 0.058959276018099555
1 0.564453125 0.6029411764705882 0.014501953124999911 0.06393665158371038
1 0.34619140625 0.619366515837104 0.015361328125000018 0.07262443438914032
1 0.818359375 0.5972850678733032 0.015673828124999956 0.07199095022624445
1 0.63623046875 0.43778280542986425 0.013896484375000018 0.06416289592760184
1 0.74609375 0.5972850678733032 0.014667968749999982 0.06986425339366514
1 0.673828125 0.5984162895927602 0.01456054687500008 0.06642533936651587
1 0.383056640625 0.447420814479638 0.014228515625000049 0.06271493212669689
1 0.890625 0.4256108597285068 0.014111328125000044 0.06294117647058822
1 0.419189453125 0.6103167420814479 0.016464843750000013 0.06927601809954752
1 0.237919921875 0.620497737556561 0.016337890625000018 0.08054298642533941
1 0.16455078125 0.6261538461538462 0.016845703125 0.08117647058823528
1 0.7099609375 0.5978733031674208 0.014501953124999911 0.06719457013574671
1 0.27392578125 0.44656108597285066 0.018046875000000018 0.0786877828054298
1 0.59912109375 0.4386425339366516 0.013847656250000062 0.06081447963800904
1 0.85546875 0.5972850678733032 0.015361328125000018 0.07262443438914032
1 0.8544921875 0.4332579185520362 0.013535156249999902 0.06149321266968327
1 0.56396484375 0.44429864253393664 0.015019531250000107 0.06696832579185526
1 0.092529296875 0.6289592760180995 0.01640625000000001 0.08235294117647053
1 0.4189453125 0.449683257918552 0.014560546874999969 0.06343891402714937
1 0.056240234375 0.6238914027149322 0.01704101562499999 0.0786877828054298