1 0.056142578125 0.6255203619909503 0.015634765625000005 0.07723981900452485
1 0.09173828125 0.6210407239819005 0.016523437500000016 0.07990950226244355
1 0.927734375 0.5904977375565611 0.01724609375000008 0.0829864253393664
1 0.20056640625 0.6165158371040724 0.016220703125000013 0.07457013574660641
1 0.1640625 0.619366515837104 0.016337890625000018 0.07488687782805435
1 0.8916015625 0.5938914027149321 0.016464843749999902 0.07570135746606343
1 0.128662109375 0.6210407239819005 0.015898437499999973 0.07542986425339374
1 0.237431640625 0.612579185520362 0.016025390625000024 0.07515837104072404
1 0.34619140625 0.6091855203619909 0.015839843750000027 0.07457013574660641
1 0.70947265625 0.5967420814479638 0.015078125000000053 0.0703619909502263
1 0.2734375 0.613710407239819 0.016162109374999956 0.0739366515837103
1 0.7822265625 0.5995475113122172 0.01553710937500008 0.07488687782805435
1 0.818359375 0.5984162895927602 0.016093750000000018 0.07488687782805435
1 0.2010546875 0.4434389140271493 0.017441406250000013 0.07199095022624433
1 0.52783203125 0.4323981900452489 0.01578125000000008 0.08271493212669684
1 0.4189453125 0.6029411764705882 0.01627929687499996 0.07176470588235301
1 0.455078125 0.6023981900452489 0.016582031250000018 0.0703619909502263
1 0.52734375 0.6012669683257919 0.01578125000000008 0.06927601809954752
1 0.273681640625 0.4395022624434389 0.016728515624999996 0.07457013574660629
1 0.74609375 0.5984162895927602 0.015126953125000009 0.07067873303167423
1 0.31005859375 0.6119909502262444 0.015839843750000027 0.07262443438914032
1 0.23828125 0.44176470588235295 0.017304687500000027 0.07280542986425341
1 0.455078125 0.4332579185520362 0.016162109374999956 0.0784162895927601
1 0.49169921875 0.6023981900452489 0.015673828124999956 0.06877828054298638
1 0.382568359375 0.6057918552036199 0.015839843750000027 0.07149321266968331
1 0.6728515625 0.5984162895927602 0.014902343749999991 0.06796380090497729
1 0.491943359375 0.43552036199095023 0.01595703125000003 0.07927601809954755
1 0.78173828125 0.4242081447963801 0.015488281249999902 0.08018099547511312
1 0.0922265625 0.447420814479638 0.01291992187499999 0.057149321266968305
1 0.708984375 0.42787330316742084 0.016093750000000018 0.0784162895927601
1 0.1650390625 0.4479638009049774 0.014843749999999989 0.06343891402714937
1 0.5634765625 0.6006787330316742 0.015302734375000071 0.06538461538461533
1 0.6005859375 0.6023981900452489 0.015361328125000018 0.06619909502262442
1 0.85546875 0.5922171945701358 0.01578125000000008 0.07719457013574661
1 0.056552734375 0.44656108597285066 0.013798828124999996 0.05782805429864254
1 0.63623046875 0.6023981900452489 0.015361328125000018 0.06850678733031668
1 0.6357421875 0.43778280542986425 0.014453124999999956 0.06294117647058822
1 0.7451171875 0.42959276018099546 0.014785156250000098 0.07176470588235301
1 0.31005859375 0.4457013574660634 0.014560546874999969 0.061764705882352965
1 0.345947265625 0.44484162895927604 0.013691406249999982 0.059864253393665114
1 0.128662109375 0.447420814479638 0.013066406249999996 0.05760180995475109
1 0.92626953125 0.42334841628959274 0.014228515624999938 0.06538461538461533
1 0.382568359375 0.44484162895927604 0.013847656249999951 0.060090497737556564
1 0.89013671875 0.4250678733031674 0.013847656250000062 0.06438914027149317
1 0.59912109375 0.43552036199095023 0.015078125000000053 0.06416289592760184
1 0.41943359375 0.44484162895927604 0.015185546874999956 0.06316742081447968
1 0.67236328125 0.4395022624434389 0.014179687499999982 0.06393665158371038
1 0.5634765625 0.440316742081448 0.01578125000000008 0.06773755656108597
1 0.8544921875 0.4309954751131222 0.013691406249999982 0.06466063348416286
1 0.81640625 0.4341176470588235 0.014287109375000107 0.061764705882352965