1 0.054716796875 0.6249321266968326 0.016474609375000004 0.08438914027149311
1 0.090576171875 0.6210407239819005 0.016464843750000013 0.07927601809954743
1 0.163212890625 0.6199095022624435 0.016093750000000018 0.07457013574660641
1 0.127080078125 0.6210407239819005 0.016093750000000018 0.07778280542986424
1 0.235966796875 0.6153846153846154 0.01640625000000001 0.07425339366515848
1 0.7802734375 0.5950226244343891 0.01602539062500008 0.07262443438914032
1 0.199462890625 0.6165158371040724 0.015537109375000024 0.07339366515837116
1 0.272216796875 0.614841628959276 0.015605468750000018 0.07542986425339374
1 0.9267578125 0.5927601809954751 0.016660156249999947 0.08674208144796387
1 0.41748046875 0.6074660633484162 0.01602539062499997 0.06986425339366514
1 0.81689453125 0.5972850678733032 0.015839843750000027 0.0736651583710406
1 0.70751953125 0.5972850678733032 0.015673828124999956 0.06927601809954752
1 0.88916015625 0.6006787330316742 0.01578125000000008 0.0739366515837103
1 0.2724609375 0.4409049773755656 0.016406249999999956 0.0757013574660633
1 0.45361328125 0.6040723981900452 0.015839843750000027 0.06877828054298638
1 0.30859375 0.615972850678733 0.015488281250000013 0.07199095022624445
1 0.671875 0.6006787330316742 0.015302734375000071 0.06877828054298638
1 0.59912109375 0.6001357466063348 0.01553710937500008 0.06466063348416298
1 0.853515625 0.5984162895927602 0.015185546874999956 0.07280542986425328
1 0.5625 0.6023981900452489 0.015185546874999956 0.06488687782805419
1 0.490234375 0.6057918552036199 0.015673828124999956 0.06488687782805419
1 0.199951171875 0.44429864253393664 0.017177734374999976 0.07488687782805435
1 0.236328125 0.442579185520362 0.017636718750000002 0.07199095022624433
1 0.45361328125 0.43723981900452485 0.016406249999999956 0.07927601809954755
1 0.490478515625 0.43778280542986425 0.016406249999999956 0.0786877828054298
1 0.381103515625 0.6108597285067874 0.015673828124999956 0.07090497737556568
1 0.7802734375 0.4228054298642534 0.015361328125000018 0.07312217194570134
1 0.7080078125 0.4264705882352941 0.015488281249999902 0.07149321266968331
1 0.52685546875 0.4341176470588235 0.015839843750000027 0.07778280542986424
1 0.74462890625 0.5984162895927602 0.014785156250000098 0.0677375565610861
1 0.09087890625 0.4504977375565611 0.014003906250000003 0.06054298642533935
1 0.744140625 0.4256108597285068 0.015302734375000071 0.07262443438914032
1 0.344482421875 0.614841628959276 0.015537109374999969 0.06959276018099546
1 0.56201171875 0.442579185520362 0.01473632812499992 0.06592760180995472
1 0.63525390625 0.5995475113122172 0.015361328125000018 0.06538461538461533
1 0.344970703125 0.44484162895927604 0.013378906250000044 0.06054298642533935
1 0.88916015625 0.4250678733031674 0.014111328125000044 0.06271493212669689
1 0.81591796875 0.43013574660633486 0.014111328125000044 0.06126696832579182
1 0.30859375 0.44484162895927604 0.013847656249999951 0.06099547511312212
1 0.41748046875 0.4488235294117647 0.014501953125000022 0.06316742081447968
1 0.59814453125 0.43778280542986425 0.014062500000000089 0.05963800904977379
1 0.5263671875 0.6023981900452489 0.014785156250000098 0.06570135746606326
1 0.634765625 0.4341176470588235 0.014453124999999956 0.06466063348416286
1 0.163330078125 0.4527601809954751 0.014384765625000018 0.06199095022624429
1 0.67138671875 0.43723981900452485 0.013798828125000107 0.06271493212669689
1 0.92529296875 0.42194570135746606 0.014902343749999991 0.06538461538461533
1 0.381103515625 0.44656108597285066 0.013535156250000013 0.060090497737556564
1 0.85302734375 0.4332579185520362 0.01358398437500008 0.059864253393665114
1 0.05310546875 0.45361990950226244 0.013955078125000006 0.05647058823529407
1 0.126953125 0.4513574660633484 0.013476562500000011 0.05850678733031677