1 0.6005859375 0.6057918552036199 0.015019531250000107 0.06850678733031668
1 0.31005859375 0.620497737556561 0.015537109374999969 0.08054298642533941
1 0.3828125 0.6165158371040724 0.016220703125000013 0.07601809954751136
1 0.455078125 0.6097285067873304 0.015898437499999973 0.07457013574660641
1 0.564453125 0.6074660633484162 0.015488281249999902 0.06959276018099546
1 0.52783203125 0.6063348416289592 0.015488281249999902 0.07199095022624445
1 0.63623046875 0.6057918552036199 0.014843750000000044 0.07067873303167423
1 0.70947265625 0.4309954751131222 0.015019531250000107 0.07280542986425341
1 0.78173828125 0.4287330316742081 0.014619140625000027 0.07393665158371042
1 0.673828125 0.6052036199095022 0.01473632812499992 0.07090497737556568
1 0.2734375 0.6210407239819005 0.015839843750000027 0.08117647058823528
1 0.7099609375 0.6063348416289592 0.014902343749999991 0.07280542986425328
1 0.418701171875 0.6142533936651584 0.016337890625000018 0.07570135746606343
1 0.34619140625 0.615972850678733 0.015605468750000018 0.07959276018099536
1 0.128544921875 0.6272850678733032 0.015429687500000011 0.07990950226244355
1 0.49169921875 0.6091855203619909 0.015839843750000027 0.07601809954751136
1 0.09234375 0.6278280542986425 0.016025390624999997 0.08235294117647053
1 0.20068359375 0.6238914027149322 0.016025390625000024 0.08117647058823528
1 0.7822265625 0.6091855203619909 0.014619140625000027 0.07751131221719455
1 0.59912109375 0.440316742081448 0.013847656250000062 0.06149321266968327
1 0.7451171875 0.43013574660633486 0.015019531250000107 0.07488687782805435
1 0.74560546875 0.6057918552036199 0.015185546874999956 0.07425339366515848
1 0.164677734375 0.6289592760180995 0.016787109374999998 0.08117647058823528
1 0.8544921875 0.4323981900452489 0.013847656250000062 0.06343891402714937
1 0.85546875 0.6052036199095022 0.014843750000000044 0.07515837104072404
1 0.6357421875 0.440316742081448 0.013847656250000062 0.06221719457013575
1 0.67236328125 0.442579185520362 0.013847656250000062 0.06081447963800904
1 0.8916015625 0.6012669683257919 0.015488281249999902 0.08081447963800911
1 0.2371875 0.6221719457013575 0.01567382812500001 0.08235294117647053
1 0.309814453125 0.4513574660633484 0.014736328125000031 0.06416289592760184
1 0.818359375 0.6080542986425339 0.015302734375000071 0.07542986425339374
1 0.5634765625 0.44484162895927604 0.014287109375000107 0.0636651583710407
1 0.38232421875 0.4504977375565611 0.013427734375 0.06149321266968327
1 0.34619140625 0.449683257918552 0.013222656249999964 0.061764705882352965
1 0.0558203125 0.6244343891402715 0.01640625000000001 0.07683257918552044
1 0.81689453125 0.43778280542986425 0.014111328125000044 0.06054298642533935
1 0.92822265625 0.6012669683257919 0.015898437499999973 0.08588235294117655
1 0.890625 0.43013574660633486 0.01400390624999992 0.06271493212669689
1 0.92626953125 0.4256108597285068 0.014384765625000018 0.0657013574660634
1 0.455078125 0.4386425339366516 0.01652343749999996 0.08018099547511312
1 0.128662109375 0.4592760180995475 0.012968749999999973 0.05760180995475109
1 0.491943359375 0.440316742081448 0.01571289062500003 0.08298642533936654
1 0.2734375 0.4457013574660634 0.016728515624999996 0.07719457013574661
1 0.52783203125 0.43723981900452485 0.01595703124999992 0.08171945701357466
1 0.2381640625 0.447420814479638 0.017246093750000024 0.07601809954751136
1 0.201298828125 0.44656108597285066 0.01640625000000001 0.07542986425339374
1 0.164677734375 0.4584162895927602 0.013691406249999982 0.05782805429864254
1 0.419189453125 0.449683257918552 0.014228515625000049 0.06416289592760184
1 0.09185546875 0.4592760180995475 0.01267578124999999 0.052941176470588186
1 0.0559375 0.46239819004524885 0.013535156250000013 0.05542986425339366