1 0.45654296875 0.4287330316742081 0.017636718749999947 0.08171945701357466
1 0.05865234375 0.442579185520362 0.013740234374999993 0.05520361990950221
1 0.81982421875 0.5961538461538461 0.016162109374999956 0.07656108597285075
1 0.60107421875 0.4287330316742081 0.014228515624999938 0.05850678733031677
1 0.78369140625 0.5995475113122172 0.015253906249999893 0.0739366515837103
1 0.52880859375 0.6029411764705882 0.016845703125 0.07488687782805435
1 0.6376953125 0.5995475113122172 0.016220703124999902 0.07262443438914032
1 0.9296875 0.5967420814479638 0.017382812499999956 0.08561085972850686
1 0.384765625 0.43638009049773757 0.014785156249999987 0.06054298642533935
1 0.27587890625 0.43638009049773757 0.017519531250000053 0.07393665158371042
1 0.34716796875 0.6085972850678733 0.016406249999999956 0.07457013574660641
1 0.311767578125 0.4386425339366516 0.014062499999999978 0.05963800904977379
1 0.34814453125 0.43552036199095023 0.013691406249999982 0.05760180995475109
1 0.92822265625 0.41090497737556564 0.015429687499999956 0.06438914027149317
1 0.89306640625 0.5961538461538461 0.015898437499999973 0.0784162895927601
1 0.7109375 0.4210859728506787 0.01627929687500007 0.07488687782805435
1 0.85595703125 0.5961538461538461 0.015839843750000027 0.07719457013574661
1 0.094365234375 0.4409049773755656 0.01369140625000001 0.05565610859728512
1 0.166259765625 0.6210407239819005 0.016279296875000016 0.07280542986425328
1 0.311767578125 0.6119909502262444 0.016162109374999956 0.07262443438914032
1 0.202763671875 0.43723981900452485 0.017714843749999987 0.07628959276018106
1 0.38427734375 0.6069230769230769 0.016162109374999956 0.07117647058823538
1 0.130859375 0.442579185520362 0.013583984375000024 0.0587330316742081
1 0.45654296875 0.6069230769230769 0.016982421874999987 0.0736651583710406
1 0.85595703125 0.42194570135746606 0.014453124999999956 0.059185520361991005
1 0.892578125 0.4146153846153846 0.014335937500000062 0.05850678733031677
1 0.20263671875 0.614841628959276 0.015781250000000024 0.07090497737556568
1 0.493408203125 0.4309954751131222 0.018583984374999973 0.08361990950226239
1 0.7470703125 0.5950226244343891 0.015673828124999956 0.07176470588235301
1 0.6376953125 0.42959276018099546 0.013955078124999964 0.06099547511312212
1 0.6748046875 0.5990045248868778 0.015673828124999956 0.06959276018099546
1 0.6748046875 0.42787330316742084 0.013691406249999982 0.06036199095022626
1 0.493896484375 0.6063348416289592 0.016582031250000018 0.07230769230769239
1 0.7109375 0.5961538461538461 0.015302734375000071 0.07199095022624445
1 0.56591796875 0.5990045248868778 0.016845703125 0.0736651583710406
1 0.420654296875 0.6069230769230769 0.016660156249999947 0.07199095022624445
1 0.274658203125 0.6114479638009049 0.016093750000000018 0.07176470588235301
1 0.74658203125 0.4182805429864253 0.01652343750000007 0.07312217194570134
1 0.60205078125 0.6001357466063348 0.01595703124999992 0.07176470588235301
1 0.166630859375 0.44176470588235295 0.014951171875000002 0.06343891402714937
1 0.529296875 0.42787330316742084 0.017041015625000044 0.07778280542986424
1 0.7841796875 0.4228054298642534 0.016220703124999902 0.06592760180995472
1 0.23865234375 0.6142533936651584 0.015839843750000027 0.07090497737556568
1 0.5654296875 0.4341176470588235 0.015253906249999893 0.061764705882352965
1 0.093203125 0.6221719457013575 0.015781249999999997 0.07090497737556568
1 0.239140625 0.43638009049773757 0.017988281250000016 0.07601809954751136
1 0.420654296875 0.43638009049773757 0.014667968749999982 0.06393665158371038
1 0.818359375 0.4205429864253394 0.015126953125000009 0.06126696832579182
1 0.1298828125 0.618235294117647 0.016337890625000018 0.07067873303167423
1 0.0571875 0.6233031674208145 0.017246093749999997 0.07117647058823538