1 0.74609375 0.583710407239819 0.014785156250000098 0.0643891402714933
1 0.52734375 0.5956108597285068 0.015185546874999956 0.0643891402714933
1 0.78271484375 0.583710407239819 0.01473632812499992 0.06416289592760184
1 0.34521484375 0.6018099547511312 0.014736328125000031 0.06294117647058835
1 0.236572265625 0.6029411764705882 0.015302734375000016 0.06149321266968315
1 0.491455078125 0.5950226244343891 0.015126953125000009 0.0643891402714933
1 0.6005859375 0.5927601809954751 0.01571289062499992 0.06619909502262442
1 0.454833984375 0.5961538461538461 0.015126953125000009 0.06393665158371038
1 0.31005859375 0.6035294117647059 0.014951171874999947 0.06199095022624429
1 0.273681640625 0.6035294117647059 0.014951171874999947 0.06199095022624429
1 0.200439453125 0.6040723981900452 0.015019531249999996 0.06343891402714924
1 0.6728515625 0.5882352941176471 0.01473632812499992 0.06570135746606326
1 0.16357421875 0.6080542986425339 0.015488281250000013 0.06054298642533935
1 0.38232421875 0.5995475113122172 0.015429687499999956 0.06271493212669689
1 0.564453125 0.5922171945701358 0.015078125000000053 0.06466063348416298
1 0.70947265625 0.4160180995475113 0.015429687499999956 0.07262443438914032
1 0.74560546875 0.415158371040724 0.015302734375000071 0.07262443438914032
1 0.419189453125 0.5990045248868778 0.015605468750000018 0.06294117647058835
1 0.708984375 0.5888235294117646 0.014335937500000062 0.06343891402714924
1 0.63623046875 0.5888235294117646 0.015019531250000107 0.06416289592760184
1 0.201171875 0.4323981900452489 0.016982421874999987 0.07149321266968331
1 0.5283203125 0.4250678733031674 0.016660156249999947 0.07927601809954755
1 0.6728515625 0.4264705882352941 0.014287109375000107 0.06619909502262442
1 0.8173828125 0.5871040723981901 0.015126953125000009 0.06294117647058835
1 0.49169921875 0.4287330316742081 0.01627929687499996 0.08208144796380085
1 0.273193359375 0.4287330316742081 0.01724609374999997 0.07751131221719455
1 0.78173828125 0.415158371040724 0.015078125000000053 0.0700904977375566
1 0.091552734375 0.6091855203619909 0.015185546875000011 0.06592760180995472
1 0.31005859375 0.43552036199095023 0.014619140625000027 0.06221719457013575
1 0.45556640625 0.4256108597285068 0.017109374999999982 0.07927601809954755
1 0.237919921875 0.4309954751131222 0.01640625000000001 0.07117647058823524
1 0.56298828125 0.4309954751131222 0.014228515624999938 0.06665158371040719
1 0.85498046875 0.5854298642533936 0.014335937500000062 0.06294117647058835
1 0.41943359375 0.43497737556561084 0.015537109374999969 0.06642533936651587
1 0.927734375 0.583710407239819 0.016728515625000107 0.06828054298642523
1 0.6357421875 0.4250678733031674 0.014111328125000044 0.06438914027149317
1 0.055302734375 0.6069230769230769 0.01646484375 0.07149321266968331
1 0.383056640625 0.4309954751131222 0.014453124999999956 0.06438914027149317
1 0.128056640625 0.6080542986425339 0.014843749999999989 0.06149321266968315
1 0.8916015625 0.5859728506787331 0.015673828124999956 0.06592760180995472
1 0.346435546875 0.4341176470588235 0.013896484375000018 0.06054298642533935
1 0.12841796875 0.43552036199095023 0.013271484374999976 0.06036199095022626
1 0.599609375 0.4250678733031674 0.013798828125000107 0.06343891402714937
1 0.164794921875 0.4386425339366516 0.014335937500000007 0.06199095022624429
1 0.85498046875 0.42334841628959274 0.013632812500000036 0.06343891402714937
1 0.92626953125 0.4100904977375565 0.014384765625000018 0.06488687782805432
1 0.8173828125 0.41968325791855204 0.013847656250000062 0.06149321266968327
1 0.092041015625 0.43552036199095023 0.014335937500000007 0.060090497737556564
1 0.890625 0.4123529411764706 0.013896484375000018 0.06466063348416286
1 0.056240234375 0.43552036199095023 0.014785156249999987 0.06221719457013575