1 0.382568359375 0.5746606334841629 0.015605468750000018 0.07542986425339374
1 0.345947265625 0.5775113122171945 0.01530273437499996 0.07601809954751136
1 0.310546875 0.5809049773755656 0.015898437499999973 0.08018099547511325
1 0.4189453125 0.5729864253393665 0.01578124999999997 0.07199095022624445
1 0.49169921875 0.5692760180995475 0.015361328125000018 0.0739366515837103
1 0.273193359375 0.5831674208144796 0.016787109375000053 0.08018099547511325
1 0.454833984375 0.5692760180995475 0.01571289062500003 0.06959276018099546
1 0.52783203125 0.5628054298642534 0.015019531250000107 0.07090497737556568
1 0.9267578125 0.5542986425339367 0.01627929687500007 0.07990950226244355
1 0.200927734375 0.5854298642533936 0.01616210937500001 0.08054298642533941
1 0.70947265625 0.5557013574660633 0.014619140625000027 0.06828054298642523
1 0.7451171875 0.38122171945701355 0.01571289062499992 0.07457013574660629
1 0.92578125 0.37357466063348416 0.014951171874999947 0.06877828054298638
1 0.199951171875 0.41149321266968325 0.016728515624999996 0.07176470588235301
1 0.52685546875 0.3979185520361991 0.016220703124999902 0.07751131221719455
1 0.236328125 0.40497737556561086 0.016279296875000016 0.07628959276018106
1 0.85400390625 0.37841628959276014 0.014062500000000089 0.06466063348416286
1 0.6728515625 0.5594117647058824 0.014843750000000044 0.0674660633484164
1 0.74560546875 0.5557013574660633 0.015078125000000053 0.07067873303167423
1 0.599609375 0.5613574660633485 0.015429687499999956 0.06619909502262442
1 0.70849609375 0.3832126696832579 0.015361328125000018 0.07425339366515836
1 0.89111328125 0.5514932126696832 0.01571289062499992 0.07425339366515848
1 0.163818359375 0.5893665158371041 0.015781250000000024 0.07927601809954743
1 0.5986328125 0.3942533936651583 0.013955078124999964 0.06199095022624429
1 0.16455078125 0.4160180995475113 0.014335937500000007 0.06316742081447968
1 0.454833984375 0.3984615384615385 0.01595703125000003 0.07927601809954755
1 0.63623046875 0.560814479638009 0.015126953125000009 0.06619909502262442
1 0.78173828125 0.5545701357466063 0.015126953125000009 0.07312217194570148
1 0.273193359375 0.40497737556561086 0.01578124999999997 0.07628959276018106
1 0.56396484375 0.5639366515837104 0.015126953125000009 0.06665158371040732
1 0.12830078125 0.4160180995475113 0.013164062500000018 0.06036199095022626
1 0.490966796875 0.40217194570135745 0.016162109374999956 0.0784162895927601
1 0.0555078125 0.5904977375565611 0.016279296875000016 0.07683257918552044
1 0.81787109375 0.5542986425339367 0.015126953125000009 0.07117647058823538
1 0.78173828125 0.37841628959276014 0.015488281249999902 0.07601809954751136
1 0.23681640625 0.5859728506787331 0.015781250000000024 0.07805429864253394
1 0.382568359375 0.4078280542986425 0.014062499999999978 0.06393665158371038
1 0.85400390625 0.5542986425339367 0.014951171874999947 0.07067873303167423
1 0.5625 0.3984615384615385 0.014667968749999982 0.06466063348416286
1 0.127080078125 0.5922171945701358 0.014736328124999976 0.0784162895927601
1 0.345947265625 0.4072398190045249 0.014111328125000044 0.06393665158371038
1 0.09185546875 0.4160180995475113 0.013476562500000011 0.06036199095022626
1 0.67236328125 0.39 0.014335937500000062 0.06538461538461533
1 0.63525390625 0.3908597285067873 0.014384765625000018 0.0624434389140272
1 0.81640625 0.38235294117647056 0.014501953124999911 0.06438914027149317
1 0.05560546875 0.415158371040724 0.013583984374999997 0.06036199095022626
1 0.309326171875 0.41090497737556564 0.014179687499999982 0.0636651583710407
1 0.8896484375 0.3778280542986425 0.014335937500000062 0.06515837104072401
1 0.41796875 0.4072398190045249 0.014843750000000044 0.06343891402714937
1 0.0922265625 0.5910859728506788 0.015429687500000011 0.08271493212669671