1 0.05923828125 0.6325339366515836 0.013876953125000008 0.07669683257918547
1 0.094365234375 0.6272850678733032 0.015429687500000011 0.07339366515837116
1 0.240234375 0.6216289592760181 0.015781250000000024 0.0739366515837103
1 0.168095703125 0.6261538461538462 0.015302734375000016 0.06959276018099546
1 0.89501953125 0.6069230769230769 0.015361328125000018 0.07262443438914032
1 0.203740234375 0.6227601809954751 0.016523437500000016 0.07312217194570148
1 0.8212890625 0.6080542986425339 0.015839843750000027 0.07339366515837116
1 0.93115234375 0.6029411764705882 0.016728515625000107 0.07990950226244355
1 0.131103515625 0.6284162895927602 0.016337890625000018 0.07457013574660641
1 0.78515625 0.613710407239819 0.014667968749999982 0.07067873303167423
1 0.85791015625 0.6080542986425339 0.015078125000000053 0.07199095022624445
1 0.2401171875 0.45533936651583706 0.015957031249999976 0.0700904977375566
1 0.64013671875 0.6080542986425339 0.014951171874999947 0.06416289592760184
1 0.2763671875 0.6210407239819005 0.01578124999999997 0.07280542986425328
1 0.53076171875 0.6103167420814479 0.015429687499999956 0.06619909502262442
1 0.203740234375 0.4544796380090498 0.015839843750000027 0.06927601809954752
1 0.457763671875 0.6108597285067874 0.01602539062499997 0.06959276018099546
1 0.71240234375 0.6080542986425339 0.014667968749999982 0.0674660633484164
1 0.31298828125 0.6216289592760181 0.01571289062500003 0.07488687782805435
1 0.349365234375 0.618235294117647 0.015429687499999956 0.07149321266968331
1 0.74853515625 0.6108597285067874 0.015126953125000009 0.06828054298642523
1 0.78466796875 0.4323981900452489 0.015185546874999956 0.07542986425339374
1 0.49462890625 0.6114479638009049 0.015898437499999973 0.07149321266968331
1 0.67578125 0.6091855203619909 0.014667968749999982 0.06538461538461533
1 0.422607421875 0.6142533936651584 0.015898437499999973 0.07199095022624445
1 0.09466796875 0.46099547511312217 0.012968750000000001 0.05760180995475109
1 0.56689453125 0.6097285067873304 0.015361328125000018 0.06642533936651587
1 0.058994140625 0.4632579185520362 0.013427734375 0.05669683257918553
1 0.60302734375 0.612579185520362 0.014951171874999947 0.06466063348416298
1 0.53076171875 0.44429864253393664 0.015839843750000027 0.07927601809954755
1 0.2763671875 0.4527601809954751 0.015898437499999973 0.07117647058823524
1 0.38525390625 0.6153846153846154 0.01571289062500003 0.07280542986425328
1 0.71240234375 0.43497737556561084 0.015605468750000018 0.0795927601809955
1 0.31298828125 0.46013574660633483 0.013740234375000049 0.05941176470588233
1 0.168095703125 0.45760180995475114 0.014501953125000022 0.06221719457013575
1 0.748046875 0.4341176470588235 0.015078125000000053 0.07601809954751136
1 0.13134765625 0.4592760180995475 0.013066406249999996 0.058054298642533995
1 0.38525390625 0.4567420814479638 0.013271484375000031 0.06036199095022626
1 0.349365234375 0.4561538461538462 0.013378906250000044 0.061764705882352965
1 0.89306640625 0.4341176470588235 0.013632812500000036 0.0624434389140272
1 0.458740234375 0.44429864253393664 0.01595703125000003 0.08271493212669684
1 0.56591796875 0.45361990950226244 0.01358398437500008 0.06036199095022626
1 0.495361328125 0.44484162895927604 0.01627929687500007 0.08429864253393662
1 0.927734375 0.4287330316742081 0.013427734375 0.0624434389140272
1 0.857421875 0.43552036199095023 0.013632812500000036 0.06149321266968327
1 0.67529296875 0.447420814479638 0.01400390624999992 0.06343891402714937
1 0.81982421875 0.440316742081448 0.014062500000000089 0.06126696832579182
1 0.421630859375 0.46013574660633483 0.013798828124999996 0.06126696832579182
1 0.63818359375 0.4434389140271493 0.013632812500000036 0.06081447963800904
1 0.6025390625 0.44429864253393664 0.013330078125000089 0.06393665158371038