1 0.67041015625 0.43778280542986425 0.013798828125000107 0.06081447963800904
1 0.8154296875 0.43013574660633486 0.013896484375000018 0.06149321266968327
1 0.70751953125 0.42959276018099546 0.014902343749999991 0.06850678733031668
1 0.85205078125 0.42733031674208144 0.014111328125000044 0.06099547511312212
1 0.05349609375 0.449683257918552 0.014228515624999993 0.06099547511312212
1 0.053984375 0.6295475113122172 0.016279296875 0.07515837104072404
1 0.380615234375 0.618235294117647 0.015537109374999969 0.07312217194570148
1 0.5986328125 0.6085972850678733 0.015302734375000071 0.06538461538461533
1 0.63427734375 0.4386425339366516 0.014179687499999982 0.060090497737556564
1 0.74365234375 0.4309954751131222 0.015361328125000018 0.07149321266968331
1 0.67138671875 0.6069230769230769 0.014951171874999947 0.06696832579185526
1 0.7802734375 0.4256108597285068 0.015078125000000053 0.0703619909502263
1 0.63427734375 0.6080542986425339 0.015019531250000107 0.06796380090497729
1 0.45361328125 0.6114479638009049 0.01530273437499996 0.06986425339366514
1 0.52587890625 0.6103167420814479 0.01473632812499992 0.06828054298642523
1 0.56103515625 0.442579185520362 0.014667968749999982 0.06416289592760184
1 0.9248046875 0.4205429864253394 0.013955078124999964 0.061764705882352965
1 0.5263671875 0.4395022624434389 0.016337890625000018 0.07751131221719455
1 0.70751953125 0.6040723981900452 0.014453124999999956 0.06904977375565607
1 0.56298828125 0.6097285067873304 0.015126953125000009 0.06416289592760184
1 0.490234375 0.613710407239819 0.01530273437499996 0.07149321266968331
1 0.59765625 0.4409049773755656 0.014111328125000044 0.058959276018099555
1 0.30859375 0.6238914027149322 0.015429687499999956 0.07751131221719455
1 0.88818359375 0.4228054298642534 0.014179687499999982 0.06294117647058822
1 0.74462890625 0.6035294117647059 0.014287109375000107 0.06904977375565607
1 0.272216796875 0.6233031674208145 0.01530273437499996 0.07927601809954743
1 0.199345703125 0.6255656108597285 0.014902343749999991 0.07719457013574661
1 0.34423828125 0.44656108597285066 0.013378906250000044 0.059185520361991005
1 0.38037109375 0.44484162895927604 0.013535156250000013 0.05941176470588233
1 0.08990234375 0.4504977375565611 0.013798828124999996 0.0587330316742081
1 0.344482421875 0.6210407239819005 0.015488281250000013 0.07751131221719455
1 0.23583984375 0.6233031674208145 0.014785156249999987 0.07805429864253394
1 0.126591796875 0.6284162895927602 0.015126953125000009 0.07778280542986424
1 0.090390625 0.6312217194570136 0.015781249999999997 0.07805429864253394
1 0.7802734375 0.6035294117647059 0.01456054687500008 0.07149321266968331
1 0.489990234375 0.442579185520362 0.016220703125000013 0.07751131221719455
1 0.162724609375 0.6272850678733032 0.015078124999999998 0.07656108597285075
1 0.1268359375 0.4504977375565611 0.013691406249999982 0.06316742081447968
1 0.163330078125 0.4527601809954751 0.014228515624999993 0.06149321266968327
1 0.85302734375 0.6052036199095022 0.014951171874999947 0.07117647058823538
1 0.417236328125 0.61710407239819 0.015537109374999969 0.07312217194570148
1 0.307861328125 0.4457013574660634 0.014619140625000027 0.06393665158371038
1 0.45361328125 0.442579185520362 0.015898437499999973 0.0786877828054298
1 0.199345703125 0.4504977375565611 0.016787109374999998 0.07280542986425341
1 0.235478515625 0.4479638009049774 0.016728515624999996 0.07393665158371042
1 0.81591796875 0.6052036199095022 0.015253906249999893 0.07199095022624445
1 0.92578125 0.6046606334841629 0.015898437499999973 0.08018099547511325
1 0.27197265625 0.44656108597285066 0.016728515624999996 0.07628959276018106
1 0.417236328125 0.447420814479638 0.015605468750000018 0.06696832579185526
1 0.88916015625 0.6040723981900452 0.015302734375000071 0.07656108597285075