1 0.281982421875 0.6074660633484162 0.015488281250000013 0.06850678733031668
1 0.391357421875 0.6057918552036199 0.01530273437499996 0.0700904977375566
1 0.172978515625 0.6114479638009049 0.015185546875000011 0.07067873303167423
1 0.35546875 0.6080542986425339 0.015019531249999996 0.07199095022624445
1 0.24560546875 0.6074660633484162 0.016093750000000018 0.06959276018099546
1 0.46435546875 0.5995475113122172 0.014843750000000044 0.06665158371040732
1 0.427734375 0.6023981900452489 0.015673828124999956 0.06927601809954752
1 0.57275390625 0.5944796380090498 0.015302734375000071 0.06294117647058835
1 0.209599609375 0.6153846153846154 0.015078124999999998 0.06850678733031668
1 0.13623046875 0.614841628959276 0.015019531249999996 0.07149321266968331
1 0.53662109375 0.5967420814479638 0.014902343749999991 0.06904977375565607
1 0.6083984375 0.5938914027149321 0.015429687499999956 0.0643891402714933
1 0.64501953125 0.5927601809954751 0.015126953125000009 0.06343891402714924
1 0.7900390625 0.5904977375565611 0.014667968749999982 0.06488687782805419
1 0.50048828125 0.5972850678733032 0.015429687499999956 0.06619909502262442
1 0.318115234375 0.4287330316742081 0.016728515624999996 0.07090497737556556
1 0.75439453125 0.5882352941176471 0.014843750000000044 0.06570135746606326
1 0.82666015625 0.4123529411764706 0.015605468750000018 0.06959276018099546
1 0.31884765625 0.6074660633484162 0.016162109374999956 0.07570135746606343
1 0.86328125 0.5882352941176471 0.015126953125000009 0.06986425339366514
1 0.7177734375 0.4182805429864253 0.014179687499999982 0.06054298642533935
1 0.7177734375 0.5904977375565611 0.014667968749999982 0.06416289592760184
1 0.68212890625 0.5899547511312216 0.01571289062499992 0.06538461538461533
1 0.46435546875 0.43013574660633486 0.014501953125000022 0.0624434389140272
1 0.78955078125 0.41289592760180993 0.01553710937500008 0.06696832579185526
1 0.50048828125 0.42334841628959274 0.017041015625000044 0.07393665158371042
1 0.75390625 0.4160180995475113 0.014785156250000098 0.06746606334841627
1 0.24560546875 0.4323981900452489 0.017441406250000013 0.06904977375565607
1 0.8271484375 0.5854298642533936 0.015078125000000053 0.07199095022624445
1 0.8994140625 0.5927601809954751 0.014951171874999947 0.06619909502262442
1 0.93603515625 0.5831674208144796 0.015605468750000018 0.07570135746606343
1 0.64453125 0.4210859728506787 0.013740234374999938 0.05760180995475109
1 0.2099609375 0.43552036199095023 0.013164062500000018 0.05520361990950221
1 0.2822265625 0.4318552036199095 0.01627929687499996 0.06904977375565607
1 0.53662109375 0.42733031674208144 0.016464843749999902 0.07280542986425341
1 0.6806640625 0.4205429864253394 0.01400390624999992 0.058959276018099555
1 0.60791015625 0.4256108597285068 0.014179687499999982 0.05782805429864254
1 0.86181640625 0.4123529411764706 0.013847656250000062 0.05850678733031677
1 0.10052734375 0.612579185520362 0.015957031250000003 0.07312217194570148
1 0.97119140625 0.40357466063348413 0.014843750000000044 0.06099547511312212
1 0.42724609375 0.42959276018099546 0.014228515625000049 0.05737556561085976
1 0.173583984375 0.4332579185520362 0.013535156250000013 0.05760180995475109
1 0.39111328125 0.42787330316742084 0.013955078124999964 0.05828054298642532
1 0.8994140625 0.4086425339366516 0.014453124999999956 0.06099547511312212
1 0.572265625 0.4264705882352941 0.016582031250000018 0.0703619909502263
1 0.35498046875 0.4323981900452489 0.014560546874999969 0.05782805429864254
1 0.137333984375 0.4341176470588235 0.013535156250000013 0.05520361990950221
1 0.93505859375 0.4078280542986425 0.014667968749999982 0.06393665158371038
1 0.9736328125 0.581447963800905 0.016582031250000018 0.07570135746606343
1 0.101259765625 0.43497737556561084 0.013378906249999989 0.05606334841628953