1 0.27685546875 0.4332579185520362 0.018095703124999973 0.08144796380090498
1 0.31298828125 0.4434389140271493 0.013740234375000049 0.06099547511312212
1 0.20447265625 0.4434389140271493 0.018906250000000013 0.07683257918552032
1 0.748046875 0.5990045248868778 0.01602539062500008 0.08144796380090498
1 0.7119140625 0.6001357466063348 0.015019531250000107 0.07719457013574661
1 0.421630859375 0.6108597285067874 0.01530273437499996 0.07751131221719455
1 0.60302734375 0.6035294117647059 0.01602539062500008 0.07542986425339374
1 0.89404296875 0.5990045248868778 0.015673828124999956 0.08497737556561073
1 0.0594140625 0.44656108597285066 0.014785156249999987 0.0636651583710407
1 0.384765625 0.6108597285067874 0.015839843750000027 0.07751131221719455
1 0.78515625 0.6046606334841629 0.016162109374999956 0.07927601809954743
1 0.494140625 0.614841628959276 0.015605468750000018 0.08144796380090498
1 0.56591796875 0.6074660633484162 0.01602539062500008 0.07601809954751136
1 0.857421875 0.6006787330316742 0.016406249999999956 0.08624434389140273
1 0.4580078125 0.6080542986425339 0.01595703125000003 0.07751131221719455
1 0.67578125 0.6057918552036199 0.015673828124999956 0.07683257918552044
1 0.5302734375 0.6080542986425339 0.016093750000000018 0.07778280542986424
1 0.24072265625 0.440316742081448 0.018398437499999976 0.07927601809954755
1 0.3857421875 0.440316742081448 0.014384765625000018 0.061764705882352965
1 0.3125 0.618235294117647 0.01578124999999997 0.08171945701357466
1 0.239873046875 0.619366515837104 0.015898437499999973 0.08117647058823528
1 0.20349609375 0.6221719457013575 0.016220703125000013 0.08171945701357466
1 0.27587890625 0.6199095022624435 0.01602539062499997 0.08171945701357466
1 0.63916015625 0.6052036199095022 0.016464843749999902 0.0786877828054298
1 0.1307421875 0.6238914027149322 0.016220703125000013 0.08144796380090498
1 0.34912109375 0.43723981900452485 0.014062499999999978 0.06488687782805432
1 0.85791015625 0.417420814479638 0.014228515624999938 0.06099547511312212
1 0.348876953125 0.619366515837104 0.015839843750000027 0.08411764705882342
1 0.82080078125 0.6023981900452489 0.016220703124999902 0.08117647058823528
1 0.421875 0.440316742081448 0.015537109374999969 0.06850678733031668
1 0.931357421875 0.6085972850678733 0.016337890625000018 0.09624434389140263
1 0.6015625 0.4287330316742081 0.014785156250000098 0.06316742081447968
1 0.167236328125 0.6221719457013575 0.016523437500000016 0.0866063348416289
1 0.130859375 0.44484162895927604 0.014667968749999982 0.06719457013574658
1 0.094365234375 0.6261538461538462 0.015957031250000003 0.07959276018099536
1 0.81982421875 0.41968325791855204 0.01473632812499992 0.0636651583710407
1 0.8935546875 0.4182805429864253 0.014179687499999982 0.05941176470588233
1 0.56591796875 0.4323981900452489 0.014384765625000018 0.06416289592760184
1 0.494140625 0.4242081447963801 0.017382812499999956 0.07683257918552032
1 0.67626953125 0.4323981900452489 0.015429687499999956 0.06773755656108597
1 0.169560546875 0.4479638009049774 0.015429687500000011 0.06904977375565607
1 0.63818359375 0.42959276018099546 0.01473632812499992 0.06393665158371038
1 0.45849609375 0.4250678733031674 0.018535156250000018 0.08497737556561087
1 0.5302734375 0.42787330316742084 0.017714843750000098 0.08018099547511312
1 0.92822265625 0.4165610859728507 0.015078125000000053 0.06642533936651587
1 0.78515625 0.4205429864253394 0.016845703125 0.07280542986425341
1 0.74755859375 0.4182805429864253 0.017441406249999902 0.07656108597285075
1 0.712890625 0.42194570135746606 0.017041015625000044 0.0784162895927601
1 0.058232421875 0.6250226244343892 0.016162109374999997 0.07515837104072404
1 0.095517578125 0.4409049773755656 0.014062500000000006 0.06719457013574658