1 0.9501953125 0.5401809954751131 0.016337890625000018 0.08171945701357466
1 0.87646484375 0.5438461538461539 0.01578125000000008 0.07683257918552044
1 0.62158203125 0.5531674208144797 0.014843750000000044 0.06904977375565607
1 0.73095703125 0.5466515837104072 0.015019531250000107 0.07199095022624445
1 0.658203125 0.5503619909502262 0.015019531250000107 0.0703619909502263
1 0.91259765625 0.5418552036199095 0.01595703124999992 0.07805429864253394
1 0.583984375 0.38660633484162893 0.014951171874999947 0.06466063348416286
1 0.54931640625 0.5560180995475112 0.015302734375000071 0.07090497737556568
1 0.513671875 0.5605429864253394 0.01602539062500008 0.07570135746606343
1 0.477783203125 0.5599547511312217 0.015429687499999956 0.07457013574660641
1 0.83984375 0.5429864253393665 0.015361328125000018 0.07719457013574661
1 0.73046875 0.37244343891402715 0.015673828124999956 0.07425339366515836
1 0.83837890625 0.36963800904977373 0.01456054687500008 0.06466063348416286
1 0.44091796875 0.5661990950226244 0.01578124999999997 0.07683257918552044
1 0.513671875 0.38941176470588235 0.017578125 0.08497737556561087
1 0.802734375 0.36710407239819004 0.01578125000000008 0.07366515837104073
1 0.8037109375 0.5466515837104072 0.015488281249999902 0.07488687782805435
1 0.368408203125 0.5701357466063348 0.01578124999999997 0.0784162895927601
1 0.33154296875 0.5786425339366515 0.016582031250000018 0.08117647058823528
1 0.5859375 0.5528959276018099 0.016162109374999956 0.07117647058823538
1 0.62109375 0.38235294117647056 0.014501953124999911 0.06149321266968327
1 0.69482421875 0.5503619909502262 0.015126953125000009 0.07117647058823538
1 0.767578125 0.5458371040723982 0.01553710937500008 0.07117647058823538
1 0.295654296875 0.5775113122171945 0.01571289062500003 0.08235294117647053
1 0.18603515625 0.583710407239819 0.016025390625000024 0.08208144796380085
1 0.2587890625 0.5797737556561086 0.016787109375000053 0.08334841628959283
1 0.476806640625 0.3908597285067873 0.017109374999999982 0.08144796380090498
1 0.14990234375 0.5842986425339366 0.016093750000000018 0.08235294117647053
1 0.6572265625 0.37981900452488687 0.014179687499999982 0.06149321266968327
1 0.294677734375 0.3936651583710407 0.016660156249999947 0.08054298642533941
1 0.404296875 0.5701357466063348 0.016093750000000018 0.07542986425339374
1 0.7666015625 0.36823529411764705 0.016162109374999956 0.07117647058823524
1 0.077822265625 0.5859728506787331 0.016982421874999987 0.08497737556561073
1 0.912109375 0.361131221719457 0.014179687499999982 0.06199095022624429
1 0.258544921875 0.3993212669683258 0.01652343749999996 0.07312217194570134
1 0.5498046875 0.38746606334841627 0.017304687500000027 0.08348416289592756
1 0.367431640625 0.3936651583710407 0.014111328125000044 0.06488687782805432
1 0.22302734375 0.5797737556561086 0.016093750000000018 0.08208144796380085
1 0.331298828125 0.3984615384615385 0.014287109374999996 0.06199095022624429
1 0.87548828125 0.363710407239819 0.013847656250000062 0.06149321266968327
1 0.07666015625 0.40271493212669685 0.014951171875000002 0.06036199095022626
1 0.222412109375 0.40271493212669685 0.01738281250000001 0.07488687782805435
1 0.113583984375 0.40638009049773754 0.014003906250000003 0.06081447963800904
1 0.440673828125 0.39565610859728506 0.014902343749999991 0.06416289592760184
1 0.18591796875 0.40638009049773754 0.014335937500000007 0.06294117647058822
1 0.404296875 0.39565610859728506 0.014228515625000049 0.06099547511312212
1 0.1494140625 0.40497737556561086 0.014228515624999993 0.060090497737556564
1 0.113955078125 0.5876923076923076 0.01567382812500001 0.08461538461538456
1 0.9482421875 0.35719457013574657 0.014287109375000107 0.06538461538461533
1 0.693359375 0.37895927601809953 0.014619140625000027 0.06592760180995472