1 0.4921875 0.6023981900452489 0.015605468750000018 0.0703619909502263
1 0.5283203125 0.5990045248868778 0.01553710937500008 0.06850678733031668
1 0.71044921875 0.4210859728506787 0.015361328125000018 0.07339366515837104
1 0.7822265625 0.4182805429864253 0.014902343749999991 0.07488687782805435
1 0.783203125 0.6012669683257919 0.01473632812499992 0.07542986425339374
1 0.56494140625 0.5972850678733032 0.015488281249999902 0.06904977375565607
1 0.52880859375 0.4287330316742081 0.017041015625000044 0.07927601809954755
1 0.74609375 0.4210859728506787 0.015019531250000107 0.07117647058823524
1 0.45556640625 0.6023981900452489 0.015537109374999969 0.07176470588235301
1 0.6005859375 0.5995475113122172 0.015429687499999956 0.06416289592760184
1 0.85498046875 0.5972850678733032 0.01553710937500008 0.07778280542986424
1 0.63720703125 0.5990045248868778 0.014951171874999947 0.06828054298642523
1 0.8916015625 0.5933484162895928 0.01571289062499992 0.0789592760180995
1 0.2010546875 0.4386425339366516 0.017636718750000002 0.07457013574660629
1 0.4921875 0.4323981900452489 0.016220703124999902 0.07751131221719455
1 0.9287109375 0.5944796380090498 0.016337890625000018 0.08497737556561073
1 0.455810546875 0.42959276018099546 0.015898437499999973 0.07542986425339374
1 0.673828125 0.5972850678733032 0.014453124999999956 0.06719457013574671
1 0.0922265625 0.4479638009049774 0.013583984374999997 0.05782805429864254
1 0.238408203125 0.43778280542986425 0.016787109374999998 0.07117647058823524
1 0.346923828125 0.6091855203619909 0.015429687499999956 0.07778280542986424
1 0.9267578125 0.4160180995475113 0.014384765625000018 0.06416289592760184
1 0.310546875 0.612579185520362 0.015019531249999996 0.07656108597285075
1 0.71044921875 0.5967420814479638 0.014453124999999956 0.07117647058823538
1 0.419921875 0.6052036199095022 0.015537109374999969 0.07149321266968331
1 0.12890625 0.6216289592760181 0.01567382812500001 0.0786877828054298
1 0.200927734375 0.6176470588235294 0.016025390625000024 0.07927601809954743
1 0.165166015625 0.618235294117647 0.016220703125000013 0.08018099547511325
1 0.2734375 0.6165158371040724 0.015253906250000004 0.07488687782805435
1 0.419189453125 0.4409049773755656 0.014228515625000049 0.06271493212669689
1 0.164921875 0.447420814479638 0.014453125000000011 0.06271493212669689
1 0.129033203125 0.44484162895927604 0.013583984375000024 0.06149321266968327
1 0.383544921875 0.6074660633484162 0.015605468750000018 0.07339366515837116
1 0.274169921875 0.4341176470588235 0.01602539062499997 0.07601809954751136
1 0.74609375 0.6001357466063348 0.014843750000000044 0.07488687782805435
1 0.818359375 0.6023981900452489 0.014902343749999991 0.07280542986425328
1 0.056455078125 0.45361990950226244 0.013632812500000008 0.05737556561085976
1 0.60009765625 0.4309954751131222 0.01456054687500008 0.06393665158371038
1 0.6728515625 0.4332579185520362 0.013691406249999982 0.06294117647058822
1 0.23779296875 0.6165158371040724 0.015488281250000013 0.07570135746606343
1 0.56396484375 0.43638009049773757 0.014667968749999982 0.06438914027149317
1 0.85546875 0.42194570135746606 0.013847656250000062 0.06199095022624429
1 0.09234375 0.6210407239819005 0.016279296875000016 0.08117647058823528
1 0.89111328125 0.4210859728506787 0.014179687499999982 0.06199095022624429
1 0.8173828125 0.4264705882352941 0.014179687499999982 0.06081447963800904
1 0.63623046875 0.4318552036199095 0.013896484375000018 0.06099547511312212
1 0.38330078125 0.4386425339366516 0.014179687499999982 0.061764705882352965
1 0.31005859375 0.4409049773755656 0.013632812500000036 0.05760180995475109
1 0.346435546875 0.4409049773755656 0.013847656249999951 0.05850678733031677
1 0.056240234375 0.6176470588235294 0.016025390624999997 0.07425339366515848