0 0.21171875 0.46235294117647063 0.02074218750000001 0.12140271493212662
1 0.575478515625 0.6080542986425339 0.016845703125 0.08289592760180993
1 0.975126953125 0.6052941176470589 0.02009765624999993 0.10796380090497744
1 0.13953125 0.6165158371040724 0.015839843750000027 0.08271493212669671
1 0.50244140625 0.42787330316742084 0.016093750000000018 0.07090497737556556
1 0.720703125 0.4264705882352941 0.014501953124999911 0.06271493212669689
1 0.7568359375 0.417420814479638 0.015078125000000053 0.07090497737556556
1 0.28466796875 0.614841628959276 0.015537109374999969 0.0789592760180995
1 0.466552734375 0.6074660633484162 0.015488281250000013 0.07683257918552044
1 0.53857421875 0.6080542986425339 0.015605468750000018 0.0739366515837103
1 0.68408203125 0.6006787330316742 0.015185546874999956 0.0700904977375566
1 0.82958984375 0.5972850678733032 0.015126953125000009 0.08117647058823528
1 0.25 0.4395022624434389 0.016787109375000053 0.06877828054298638
1 0.284912109375 0.4386425339366516 0.01692382812500004 0.06665158371040719
1 0.5751953125 0.4242081447963801 0.01571289062499992 0.07262443438914032
1 0.35693359375 0.613710407239819 0.015839843750000027 0.07990950226244355
1 0.50244140625 0.6052036199095022 0.015302734375000071 0.07280542986425328
1 0.248291015625 0.6165158371040724 0.014951171874999947 0.0786877828054298
1 0.8291015625 0.4160180995475113 0.015429687499999956 0.07262443438914032
1 0.8662109375 0.5984162895927602 0.014843750000000044 0.07990950226244355
1 0.39404296875 0.6114479638009049 0.01530273437499996 0.0789592760180995
1 0.212041015625 0.619366515837104 0.015302734375000016 0.07751131221719455
1 0.6474609375 0.6001357466063348 0.014902343749999991 0.06877828054298638
1 0.72021484375 0.5984162895927602 0.014902343749999991 0.0736651583710406
1 0.17578125 0.6176470588235294 0.01567382812500001 0.07927601809954743
1 0.7568359375 0.5944796380090498 0.014902343749999991 0.07488687782805435
1 0.90185546875 0.5990045248868778 0.015673828124999956 0.08117647058823528
1 0.43017578125 0.6085972850678733 0.01571289062500003 0.0784162895927601
1 0.79345703125 0.4182805429864253 0.015302734375000071 0.06986425339366514
1 0.611328125 0.5990045248868778 0.015185546874999956 0.07090497737556568
1 0.321044921875 0.615972850678733 0.015429687499999956 0.0786877828054298
1 0.79345703125 0.5967420814479638 0.015488281249999902 0.07628959276018106
1 0.5390625 0.42959276018099546 0.01602539062500008 0.06877828054298638
1 0.466796875 0.440316742081448 0.013955078124999964 0.060090497737556564
1 0.93896484375 0.6006787330316742 0.014667968749999982 0.0789592760180995
1 0.357666015625 0.43778280542986425 0.014179687499999982 0.057149321266968305
1 0.64794921875 0.4264705882352941 0.013740234374999938 0.0587330316742081
1 0.9384765625 0.41375565610859727 0.01400390624999992 0.05963800904977379
1 0.68408203125 0.4287330316742081 0.013378906250000044 0.05647058823529407
1 0.102666015625 0.6142533936651584 0.015126953125000009 0.07457013574660641
1 0.322021484375 0.43778280542986425 0.016406249999999956 0.06665158371040719
1 0.865234375 0.4210859728506787 0.013476562499999956 0.05963800904977379
1 0.90234375 0.417420814479638 0.014501953124999911 0.05941176470588233
1 0.611328125 0.4309954751131222 0.013632812500000036 0.059185520361991005
1 0.39453125 0.43552036199095023 0.013271484375000031 0.059864253393665114
1 0.430419921875 0.43497737556561084 0.013378906250000044 0.059185520361991005
1 0.17626953125 0.440316742081448 0.014003906249999976 0.05696832579185522
1 0.140751953125 0.43778280542986425 0.013740234374999993 0.05760180995475109
1 0.1044921875 0.44176470588235295 0.016025390624999997 0.06081447963800904
1 0.9736328125 0.4123529411764706 0.014179687499999982 0.06294117647058822