1 0.34765625 0.6001357466063348 0.016337890625000018 0.07312217194570148
1 0.275634765625 0.6040723981900452 0.01652343749999996 0.07280542986425328
1 0.456787109375 0.5972850678733032 0.016406249999999956 0.07425339366515848
1 0.3115234375 0.6018099547511312 0.01652343749999996 0.07199095022624445
1 0.60205078125 0.5922171945701358 0.017109374999999982 0.07515837104072404
1 0.6376953125 0.5922171945701358 0.01627929687500007 0.0703619909502263
1 0.4208984375 0.5978733031674208 0.016728515624999996 0.0700904977375566
1 0.38427734375 0.5972850678733032 0.016220703125000013 0.07262443438914032
1 0.493408203125 0.5950226244343891 0.01627929687500007 0.07457013574660641
1 0.52978515625 0.5950226244343891 0.016464843749999902 0.07719457013574661
1 0.56640625 0.5938914027149321 0.016982421875000098 0.07425339366515848
1 0.166015625 0.6142533936651584 0.016728515624999996 0.07280542986425328
1 0.6748046875 0.5922171945701358 0.015839843750000027 0.06927601809954752
1 0.38525390625 0.4318552036199095 0.014501953125000022 0.06081447963800904
1 0.89306640625 0.5820361990950226 0.016845703125 0.08235294117647053
1 0.23876953125 0.6029411764705882 0.016337890625000018 0.0703619909502263
1 0.85693359375 0.5842986425339366 0.015673828124999956 0.08171945701357466
1 0.81982421875 0.5859728506787331 0.015898437499999973 0.07570135746606343
1 0.7109375 0.5871040723981901 0.01578125000000008 0.07312217194570148
1 0.6376953125 0.4165610859728507 0.014179687499999982 0.06054298642533935
1 0.74755859375 0.5859728506787331 0.015898437499999973 0.07339366515837116
1 0.6015625 0.4188235294117647 0.014619140625000027 0.06054298642533935
1 0.7841796875 0.5916289592760181 0.015605468750000018 0.0736651583710406
1 0.202275390625 0.6069230769230769 0.016025390625000024 0.06904977375565607
1 0.9296875 0.5871040723981901 0.017773437500000044 0.0876018099547512
1 0.129765625 0.6119909502262444 0.015537109375000024 0.0674660633484164
1 0.78466796875 0.41375565610859727 0.01602539062500008 0.0657013574660634
1 0.130615234375 0.43013574660633486 0.014287109374999996 0.05647058823529407
1 0.421142578125 0.4287330316742081 0.014902343749999991 0.06466063348416286
1 0.85693359375 0.4123529411764706 0.014111328125000044 0.06036199095022626
1 0.3486328125 0.42733031674208144 0.014111328125000044 0.05850678733031677
1 0.74755859375 0.40443438914027147 0.01627929687500007 0.08054298642533941
1 0.6748046875 0.4160180995475113 0.01358398437500008 0.05828054298642532
1 0.093203125 0.613710407239819 0.015957031250000003 0.06959276018099546
1 0.493408203125 0.42194570135746606 0.01847656250000007 0.07751131221719455
1 0.275390625 0.4264705882352941 0.01839843750000003 0.07312217194570134
1 0.057705078125 0.6142533936651584 0.017246093749999997 0.07542986425339374
1 0.45703125 0.4188235294117647 0.018535156250000018 0.0789592760180995
1 0.202275390625 0.4287330316742081 0.018125000000000002 0.06904977375565607
1 0.094365234375 0.42959276018099546 0.013955078124999992 0.05606334841628953
1 0.7109375 0.4058371040723982 0.01602539062500008 0.08054298642533941
1 0.89306640625 0.4058371040723982 0.014619140625000027 0.06036199095022626
1 0.31201171875 0.43013574660633486 0.014902343749999991 0.0624434389140272
1 0.56494140625 0.4250678733031674 0.015488281249999902 0.06081447963800904
1 0.52978515625 0.4146153846153846 0.01798828125000007 0.0866063348416289
1 0.167119140625 0.4309954751131222 0.014335937500000007 0.06081447963800904
1 0.23974609375 0.4250678733031674 0.017578125 0.07090497737556556
1 0.8193359375 0.4086425339366516 0.014335937500000062 0.059864253393665114
1 0.058779296875 0.4287330316742081 0.014003906250000003 0.05696832579185522
1 0.92822265625 0.39990950226244343 0.01456054687500008 0.06099547511312212