1 0.53857421875 0.4318552036199095 0.016406249999999956 0.08298642533936654
1 0.501953125 0.42787330316742084 0.016660156249999947 0.0786877828054298
1 0.57470703125 0.42787330316742084 0.01595703124999992 0.0786877828054298
1 0.3203125 0.6097285067873304 0.01530273437499996 0.07542986425339374
1 0.42919921875 0.6035294117647059 0.015537109374999969 0.06927601809954752
1 0.5380859375 0.6012669683257919 0.015253906249999893 0.0674660633484164
1 0.39306640625 0.6097285067873304 0.015185546874999956 0.07067873303167423
1 0.356201171875 0.6119909502262444 0.015605468750000018 0.07149321266968331
1 0.6103515625 0.5967420814479638 0.01553710937500008 0.06416289592760184
1 0.68310546875 0.5938914027149321 0.015361328125000018 0.06570135746606326
1 0.4658203125 0.6035294117647059 0.01530273437499996 0.06719457013574671
1 0.5751953125 0.5984162895927602 0.015126953125000009 0.06221719457013575
1 0.64697265625 0.5972850678733032 0.014951171874999947 0.0636651583710407
1 0.71923828125 0.5950226244343891 0.015019531250000107 0.06642533936651587
1 0.28369140625 0.6131221719457014 0.015253906250000004 0.07230769230769239
1 0.501953125 0.6012669683257919 0.015429687499999956 0.06665158371040732
1 0.24744140625 0.613710407239819 0.015019531249999996 0.07312217194570148
1 0.17431640625 0.613710407239819 0.015605468750000018 0.07280542986425328
1 0.21130859375 0.6114479638009049 0.015126953125000009 0.07067873303167423
1 0.75634765625 0.5927601809954751 0.01473632812499992 0.06986425339366514
1 0.755859375 0.4205429864253394 0.014902343749999991 0.06904977375565607
1 0.7919921875 0.5922171945701358 0.015126953125000009 0.0703619909502263
1 0.321044921875 0.43013574660633486 0.015673828124999956 0.06927601809954752
1 0.82861328125 0.5938914027149321 0.014843750000000044 0.07176470588235301
1 0.283935546875 0.43013574660633486 0.01692382812500004 0.06986425339366514
1 0.137939453125 0.6142533936651584 0.014902343749999991 0.07176470588235301
1 0.102666015625 0.6119909502262444 0.01640625000000001 0.07262443438914032
1 0.86474609375 0.5944796380090498 0.015185546874999956 0.07230769230769239
1 0.247802734375 0.43497737556561084 0.017041015625000044 0.06959276018099546
1 0.82861328125 0.4160180995475113 0.015302734375000071 0.07262443438914032
1 0.9013671875 0.5990045248868778 0.01553710937500008 0.07199095022624445
1 0.7919921875 0.4182805429864253 0.015605468750000018 0.06877828054298638
1 0.1033984375 0.43497737556561084 0.01369140625000001 0.05628959276018099
1 0.9384765625 0.5956108597285068 0.014902343749999991 0.0739366515837103
1 0.7197265625 0.4264705882352941 0.014287109375000107 0.06099547511312212
1 0.46533203125 0.43497737556561084 0.015429687499999956 0.06619909502262442
1 0.97314453125 0.5938914027149321 0.016093750000000018 0.0784162895927601
1 0.93798828125 0.4146153846153846 0.014287109375000107 0.059864253393665114
1 0.60986328125 0.4309954751131222 0.015126953125000009 0.06416289592760184
1 0.175537109375 0.43497737556561084 0.013847656250000007 0.05850678733031677
1 0.2119140625 0.43638009049773757 0.013476562500000011 0.06036199095022626
1 0.64599609375 0.42733031674208144 0.014062500000000089 0.059185520361991005
1 0.68310546875 0.4256108597285068 0.013378906250000044 0.057149321266968305
1 0.1385546875 0.4332579185520362 0.014560546875000024 0.05941176470588233
1 0.429443359375 0.4341176470588235 0.014619140625000027 0.06036199095022626
1 0.356689453125 0.43497737556561084 0.014453124999999956 0.059864253393665114
1 0.97509765625 0.41149321266968325 0.014785156250000098 0.06294117647058822
1 0.86376953125 0.4205429864253394 0.014287109375000107 0.06099547511312212
1 0.9013671875 0.4188235294117647 0.014179687499999982 0.05850678733031677
1 0.3935546875 0.4332579185520362 0.013632812500000036 0.06036199095022626