1 0.454833984375 0.4386425339366516 0.01602539062499997 0.08271493212669684
1 0.4912109375 0.4395022624434389 0.015839843750000027 0.08624434389140273
1 0.78173828125 0.6085972850678733 0.015302734375000071 0.07176470588235301
1 0.345458984375 0.6153846153846154 0.015898437499999973 0.07339366515837116
1 0.27294921875 0.6176470588235294 0.015839843750000027 0.0736651583710406
1 0.52734375 0.43778280542986425 0.015429687499999956 0.08171945701357466
1 0.74560546875 0.6052036199095022 0.01473632812499992 0.07199095022624445
1 0.92724609375 0.6001357466063348 0.016582031250000018 0.07927601809954743
1 0.4912109375 0.6057918552036199 0.015673828124999956 0.06796380090497729
1 0.309326171875 0.6165158371040724 0.015898437499999973 0.0736651583710406
1 0.38232421875 0.612579185520362 0.016220703125000013 0.07176470588235301
1 0.6357421875 0.6052036199095022 0.01473632812499992 0.06642533936651587
1 0.454833984375 0.6074660633484162 0.016162109374999956 0.06927601809954752
1 0.78076171875 0.42733031674208144 0.015019531250000107 0.07542986425339374
1 0.818359375 0.6052036199095022 0.015302734375000071 0.0736651583710406
1 0.52734375 0.6040723981900452 0.01578125000000008 0.06796380090497729
1 0.272705078125 0.4434389140271493 0.016220703125000013 0.07778280542986424
1 0.5634765625 0.6069230769230769 0.015078125000000053 0.06570135746606326
1 0.60009765625 0.6057918552036199 0.015078125000000053 0.06642533936651587
1 0.708984375 0.6052036199095022 0.014453124999999956 0.07149321266968331
1 0.200439453125 0.619366515837104 0.015429687500000011 0.07683257918552044
1 0.6728515625 0.6052036199095022 0.014228515624999938 0.06665158371040732
1 0.163701171875 0.6221719457013575 0.016025390625000024 0.07570135746606343
1 0.4189453125 0.6085972850678733 0.015839843750000027 0.07262443438914032
1 0.74462890625 0.4323981900452489 0.014902343749999991 0.07425339366515836
1 0.89111328125 0.6018099547511312 0.01595703124999992 0.07719457013574661
1 0.1279296875 0.6210407239819005 0.014951171875000002 0.07719457013574661
1 0.708984375 0.4309954751131222 0.015019531250000107 0.0757013574660633
1 0.237548828125 0.44429864253393664 0.016582031250000018 0.07656108597285075
1 0.200078125 0.44656108597285066 0.016728515624999996 0.07457013574660629
1 0.2371875 0.614841628959276 0.01616210937500001 0.0789592760180995
1 0.0913671875 0.6199095022624435 0.01560546874999999 0.07176470588235301
1 0.054990234375 0.61710407239819 0.01560546874999999 0.07230769230769239
1 0.5625 0.44484162895927604 0.014335937500000062 0.06773755656108597
1 0.92578125 0.42733031674208144 0.014501953124999911 0.06393665158371038
1 0.345703125 0.4513574660633484 0.013632812500000036 0.059864253393665114
1 0.16443359375 0.4544796380090498 0.014062499999999978 0.06149321266968327
1 0.8544921875 0.6074660633484162 0.014501953124999911 0.06828054298642523
1 0.634765625 0.44429864253393664 0.013740234374999938 0.061764705882352965
1 0.67138671875 0.44484162895927604 0.013740234374999938 0.05963800904977379
1 0.89013671875 0.4318552036199095 0.013691406249999982 0.06081447963800904
1 0.382080078125 0.449683257918552 0.013847656249999951 0.06149321266968327
1 0.309326171875 0.45194570135746603 0.014287109374999996 0.06149321266968327
1 0.5986328125 0.44176470588235295 0.01358398437500008 0.059185520361991005
1 0.12830078125 0.4544796380090498 0.013066406249999996 0.059185520361991005
1 0.85400390625 0.43497737556561084 0.013427734375 0.06054298642533935
1 0.0913671875 0.4561538461538462 0.01267578124999999 0.05606334841628953
1 0.81591796875 0.4386425339366516 0.013691406249999982 0.06036199095022626
1 0.41796875 0.447420814479638 0.014951171874999947 0.06746606334841627
1 0.055205078125 0.46099547511312217 0.012382812500000007 0.05502262443438913