1 0.9267578125 0.5537556561085972 0.016162109374999956 0.07959276018099536
1 0.2362109375 0.4058371040723982 0.016220703125000013 0.0757013574660633
1 0.92529296875 0.37357466063348416 0.014951171874999947 0.06796380090497742
1 0.853515625 0.3778280542986425 0.01400390624999992 0.06438914027149317
1 0.7451171875 0.38122171945701355 0.015605468750000018 0.07425339366515836
1 0.7451171875 0.5557013574660633 0.015185546874999956 0.07067873303167423
1 0.199833984375 0.4123529411764706 0.016923828124999984 0.07262443438914032
1 0.5263671875 0.3979185520361991 0.015898437499999973 0.07683257918552032
1 0.59814453125 0.3942533936651583 0.013955078124999964 0.06199095022624429
1 0.164306640625 0.4160180995475113 0.014453125000000011 0.0636651583710407
1 0.7080078125 0.3832126696832579 0.015253906249999893 0.07339366515837104
1 0.67236328125 0.5594117647058824 0.014951171874999947 0.0674660633484164
1 0.599609375 0.5613574660633485 0.015605468750000018 0.06538461538461533
1 0.6357421875 0.5613574660633485 0.015185546874999956 0.06619909502262442
1 0.454345703125 0.3993212669683258 0.015839843750000027 0.07927601809954755
1 0.1278125 0.4160180995475113 0.013427734375 0.06036199095022626
1 0.890625 0.5514932126696832 0.015898437499999973 0.07339366515837116
1 0.78125 0.37841628959276014 0.015605468750000018 0.0757013574660633
1 0.78125 0.555158371040724 0.015185546874999956 0.07230769230769239
1 0.27294921875 0.4058371040723982 0.01595703125000003 0.07683257918552032
1 0.5634765625 0.5633484162895928 0.015126953125000009 0.06665158371040732
1 0.055205078125 0.5899547511312216 0.01609374999999999 0.07488687782805435
1 0.708984375 0.5560180995475112 0.014785156250000098 0.06796380090497729
1 0.490478515625 0.4013122171945701 0.015898437499999973 0.07751131221719455
1 0.382080078125 0.4072398190045249 0.014111328125000044 0.06466063348416286
1 0.56201171875 0.3993212669683258 0.01456054687500008 0.06416289592760184
1 0.345458984375 0.4072398190045249 0.014062499999999978 0.06393665158371038
1 0.81689453125 0.5537556561085972 0.015126953125000009 0.07090497737556568
1 0.52734375 0.5639366515837104 0.014902343749999991 0.06904977375565607
1 0.0913671875 0.4160180995475113 0.013632812500000008 0.060090497737556564
1 0.85400390625 0.5542986425339367 0.014902343749999991 0.06927601809954752
1 0.671875 0.3908597285067873 0.014228515624999938 0.06488687782805432
1 0.41943359375 0.5755203619909502 0.015839843750000027 0.0703619909502263
1 0.81591796875 0.38235294117647056 0.014453124999999956 0.06343891402714937
1 0.63525390625 0.3908597285067873 0.014335937500000062 0.0624434389140272
1 0.236328125 0.5871040723981901 0.01567382812500001 0.07683257918552044
1 0.127080078125 0.5972850678733032 0.014785156249999987 0.0703619909502263
1 0.200078125 0.5899547511312216 0.015126953125000009 0.07230769230769239
1 0.30908203125 0.41149321266968325 0.014228515625000049 0.06393665158371038
1 0.491455078125 0.5695927601809955 0.015361328125000018 0.0739366515837103
1 0.454345703125 0.5692760180995475 0.015898437499999973 0.0703619909502263
1 0.417724609375 0.4072398190045249 0.014736328125000031 0.06316742081447968
1 0.16345703125 0.5904977375565611 0.015605468750000018 0.0786877828054298
1 0.38232421875 0.5741176470588235 0.015488281250000013 0.07457013574660641
1 0.88916015625 0.3778280542986425 0.014453124999999956 0.06515837104072401
1 0.309326171875 0.5910859728506788 0.014902343749999991 0.06619909502262442
1 0.055205078125 0.4160180995475113 0.013798828124999996 0.06099547511312212
1 0.345458984375 0.5769230769230769 0.01530273437499996 0.07601809954751136
1 0.272705078125 0.582579185520362 0.016728515624999996 0.07990950226244355
1 0.0913671875 0.6023981900452489 0.014228515624999993 0.06343891402714924