1 0.102451171875 0.6187330316742082 0.014843749999999989 0.07479638009049762
1 0.24744140625 0.6085972850678733 0.015126953125000009 0.07719457013574661
1 0.13818359375 0.6114479638009049 0.015488281250000013 0.07656108597285075
1 0.283935546875 0.6080542986425339 0.015605468750000018 0.07683257918552044
1 0.320068359375 0.6097285067873304 0.015429687499999956 0.07570135746606343
1 0.17431640625 0.612579185520362 0.015537109375000024 0.07542986425339374
1 0.2109375 0.6114479638009049 0.015839843750000027 0.07683257918552044
1 0.39306640625 0.6063348416289592 0.015673828124999956 0.07425339366515848
1 0.4658203125 0.6029411764705882 0.015605468750000018 0.07230769230769239
1 0.4287109375 0.6046606334841629 0.015605468750000018 0.07230769230769239
1 0.755859375 0.5916289592760181 0.014335937500000062 0.06986425339366514
1 0.501953125 0.6018099547511312 0.01595703124999992 0.06927601809954752
1 0.5380859375 0.5990045248868778 0.01571289062499992 0.06959276018099546
1 0.61083984375 0.5972850678733032 0.015898437499999973 0.06416289592760184
1 0.3564453125 0.6114479638009049 0.015605468750000018 0.07090497737556568
1 0.71923828125 0.5961538461538461 0.014619140625000027 0.06828054298642523
1 0.68310546875 0.5956108597285068 0.015019531250000107 0.06466063348416298
1 0.64697265625 0.5961538461538461 0.015019531250000107 0.06570135746606326
1 0.57470703125 0.5961538461538461 0.01553710937500008 0.06592760180995472
1 0.5380859375 0.4287330316742081 0.016845703125 0.07488687782805435
1 0.283447265625 0.42787330316742084 0.016162109374999956 0.07176470588235301
1 0.75537109375 0.4205429864253394 0.015253906249999893 0.06828054298642536
1 0.57470703125 0.42733031674208144 0.016406249999999956 0.0789592760180995
1 0.71875 0.4264705882352941 0.014785156250000098 0.0657013574660634
1 0.68212890625 0.4256108597285068 0.014179687499999982 0.06036199095022626
1 0.646484375 0.42733031674208144 0.014287109375000107 0.06126696832579182
1 0.39306640625 0.4287330316742081 0.013691406249999982 0.058054298642533995
1 0.428955078125 0.4318552036199095 0.014384765625000018 0.058054298642533995
1 0.501953125 0.4264705882352941 0.016982421875000098 0.07280542986425341
1 0.828125 0.4160180995475113 0.015361328125000018 0.0703619909502263
1 0.8291015625 0.5933484162895928 0.014902343749999991 0.07176470588235301
1 0.79248046875 0.4188235294117647 0.016093750000000018 0.07090497737556556
1 0.60986328125 0.4318552036199095 0.014228515624999938 0.05941176470588233
1 0.86474609375 0.5927601809954751 0.015253906249999893 0.06959276018099546
1 0.79248046875 0.5910859728506788 0.015488281249999902 0.06850678733031668
1 0.465576171875 0.4332579185520362 0.014062499999999978 0.06149321266968327
1 0.356689453125 0.4323981900452489 0.013896484375000018 0.05760180995475109
1 0.90087890625 0.5927601809954751 0.015361328125000018 0.07176470588235301
1 0.320068359375 0.4287330316742081 0.016728515624999996 0.07312217194570134
1 0.246708984375 0.4332579185520362 0.01692382812500004 0.06904977375565607
1 0.93798828125 0.5938914027149321 0.015126953125000009 0.0700904977375566
1 0.175419921875 0.4332579185520362 0.013330078124999978 0.05828054298642532
1 0.86376953125 0.42194570135746606 0.014228515624999938 0.059185520361991005
1 0.90087890625 0.4165610859728507 0.014111328125000044 0.06081447963800904
1 0.21130859375 0.4332579185520362 0.013535156250000013 0.05850678733031677
1 0.9375 0.4146153846153846 0.013896484375000018 0.060090497737556564
1 0.138916015625 0.4309954751131222 0.01363281249999998 0.05696832579185522
1 0.97265625 0.41375565610859727 0.014062500000000089 0.06149321266968327
1 0.10248046875 0.4287330316742081 0.013798828124999996 0.05647058823529407
1 0.9736328125 0.5876923076923076 0.016406249999999956 0.07601809954751136