1 0.890625 0.5749321266968326 0.015488281249999902 0.07778280542986424
1 0.92724609375 0.5746606334841629 0.01595703124999992 0.07990950226244355
1 0.85400390625 0.5769230769230769 0.015078125000000053 0.07542986425339374
1 0.81787109375 0.5797737556561086 0.016162109374999956 0.07515837104072404
1 0.78125 0.5797737556561086 0.014785156250000098 0.0736651583710406
1 0.2362109375 0.42959276018099546 0.015898437499999973 0.07339366515837104
1 0.81640625 0.4100904977375565 0.013896484375000018 0.060090497737556564
1 0.272705078125 0.4256108597285068 0.01578124999999997 0.07312217194570134
1 0.0544140625 0.6131221719457014 0.015957031250000003 0.07117647058823538
1 0.091064453125 0.6153846153846154 0.015302734374999988 0.07457013574660641
1 0.2001953125 0.4341176470588235 0.016220703125000013 0.07230769230769227
1 0.272705078125 0.6080542986425339 0.014902343749999991 0.07339366515837116
1 0.7802734375 0.4058371040723982 0.015488281249999902 0.06959276018099546
1 0.5625 0.42334841628959274 0.014111328125000044 0.06221719457013575
1 0.30859375 0.4318552036199095 0.013740234375000049 0.05828054298642532
1 0.454345703125 0.4228054298642534 0.016660156249999947 0.07628959276018106
1 0.74462890625 0.5797737556561086 0.014902343749999991 0.06986425339366514
1 0.70849609375 0.5786425339366515 0.015253906249999893 0.06927601809954752
1 0.7080078125 0.4100904977375565 0.015429687499999956 0.06850678733031668
1 0.634765625 0.4165610859728507 0.014287109375000107 0.059864253393665114
1 0.744140625 0.4100904977375565 0.015078125000000053 0.06746606334841627
1 0.309326171875 0.6063348416289592 0.015185546874999956 0.07425339366515848
1 0.163701171875 0.6114479638009049 0.015605468750000018 0.07457013574660641
1 0.200078125 0.6103167420814479 0.015185546875000011 0.0739366515837103
1 0.59814453125 0.4182805429864253 0.014111328125000044 0.05850678733031677
1 0.34521484375 0.43013574660633486 0.013535156250000013 0.0587330316742081
1 0.60009765625 0.5882352941176471 0.015302734375000071 0.06316742081447954
1 0.49072265625 0.4269683257918552 0.01602539062499997 0.07366515837104073
1 0.163701171875 0.43638009049773757 0.01395507812500002 0.059864253393665114
1 0.12732421875 0.615972850678733 0.014667968749999982 0.0700904977375566
1 0.344970703125 0.6040723981900452 0.01530273437499996 0.07312217194570148
1 0.5634765625 0.5888235294117646 0.014951171874999947 0.06466063348416298
1 0.490966796875 0.5933484162895928 0.014667968749999982 0.0643891402714933
1 0.23669921875 0.6074660633484162 0.015302734375000016 0.07683257918552044
1 0.67138671875 0.4182805429864253 0.014179687499999982 0.061764705882352965
1 0.85302734375 0.40497737556561086 0.013847656250000062 0.058054298642533995
1 0.671875 0.5876923076923076 0.014843750000000044 0.06316742081447954
1 0.454345703125 0.5944796380090498 0.015126953125000009 0.06719457013574671
1 0.5263671875 0.4205429864253394 0.016337890625000018 0.07117647058823524
1 0.88916015625 0.3984615384615385 0.013896484375000018 0.05941176470588233
1 0.381591796875 0.4287330316742081 0.014003906250000031 0.060090497737556564
1 0.92578125 0.3979185520361991 0.014335937500000062 0.06221719457013575
1 0.3818359375 0.6018099547511312 0.01530273437499996 0.06828054298642523
1 0.417724609375 0.5972850678733032 0.015253906250000004 0.06828054298642523
1 0.63525390625 0.5882352941176471 0.01473632812499992 0.06199095022624429
1 0.418212890625 0.4287330316742081 0.014667968749999982 0.06343891402714937
1 0.09125 0.4332579185520362 0.013427734375 0.05628959276018099
1 0.127685546875 0.43552036199095023 0.012626953125000007 0.05438914027149326
1 0.0551171875 0.4341176470588235 0.013476562499999997 0.05606334841628953
1 0.5263671875 0.5910859728506788 0.014619140625000027 0.06221719457013575