0 0.098720703125 0.6529864253393666 0.024873046875 0.17502262443438918
0 0.0551171875 0.48683257918552036 0.02324218750000001 0.16692307692307687
0 0.239677734375 0.6277375565610859 0.018046875000000018 0.13289592760181
0 0.1281640625 0.4666515837104072 0.02197265625 0.1455203619909502
0 0.454794921875 0.5969230769230769 0.024130859375000036 0.07918552036199095
0 0.4889257812500001 0.43036199095022626 0.030029296875 0.10687782805429866
0 0.776181640625 0.5819457013574661 0.03469726562499997 0.08171945701357466
0 0.346083984375 0.4078733031674208 0.02253906250000004 0.09470588235294121
0 0.381494140625 0.5985972850678732 0.02474609375000003 0.0933031674208145
0 0.418193359375 0.4671493212669683 0.028671875000000013 0.15253393665158374
0 0.746474609375 0.605656108597285 0.019746093750000027 0.12769230769230755
0 0.708525390625 0.4266515837104073 0.02572265624999992 0.11787330316742087
0 0.63376953125 0.4466515837104072 0.025585937500000044 0.13126696832579182
0 0.56017578125 0.446606334841629 0.028427734374999902 0.17687782805429866
0 0.8531640625 0.5859276018099548 0.023222656249999973 0.0923076923076922
0 0.881669921875 0.45633484162895926 0.03954101562500001 0.19040723981900445
0 0.197197265625 0.37873303167420813 0.03322265624999998 0.18375565610859723
0 0.275712890625 0.4667420814479638 0.02035156250000003 0.14846153846153848
0 0.81599609375 0.4412217194570136 0.02329101562499991 0.13144796380090504
0 0.05830078125 0.6106334841628959 0.015703125000000012 0.06429864253393656
0 0.130986328125 0.6018099547511312 0.016523437500000016 0.06696832579185526
0 0.78369140625 0.4072398190045249 0.017773437500000044 0.07805429864253394
0 0.74755859375 0.41149321266968325 0.01798828125000007 0.07425339366515836
1 0.494140625 0.5882352941176471 0.01553710937500008 0.06696832579185526
1 0.34912109375 0.5950226244343891 0.015537109374999969 0.06696832579185526
0 0.207646484375 0.6006787330316742 0.022929687500000018 0.07312217194570148
1 0.421875 0.5916289592760181 0.016093750000000018 0.06488687782805419
1 0.529091796875 0.4160180995475113 0.017773437500000044 0.07927601809954755
1 0.67333984375 0.4210859728506787 0.015488281249999902 0.06642533936651587
1 0.456787109375 0.4210859728506787 0.01724609374999997 0.07656108597285075
1 0.71240234375 0.5775113122171945 0.015019531250000107 0.06665158371040732
0 0.27587890625 0.5967420814479638 0.016162109374999956 0.0736651583710406
1 0.926552734375 0.40904977375565615 0.015253906249999893 0.07117647058823524
1 0.6005859375 0.4228054298642534 0.014951171874999947 0.06343891402714937
1 0.56640625 0.583710407239819 0.01602539062500008 0.06877828054298638
1 0.38330078125 0.4264705882352941 0.014843750000000044 0.06393665158371038
0 0.308837890625 0.6329411764705882 0.022929687500000018 0.1495927601809955
0 0.82080078125 0.5729864253393665 0.015898437499999973 0.06850678733031668
1 0.239501953125 0.42787330316742084 0.016728515624999996 0.07366515837104073
1 0.310791015625 0.4323981900452489 0.014843750000000044 0.06199095022624429
0 0.6396484375 0.5789140271493213 0.016093750000000018 0.07570135746606343
0 0.9248046875 0.6080542986425339 0.013955078124999964 0.05828054298642532
1 0.093994140625 0.44429864253393664 0.01536132812499999 0.06773755656108597
0 0.52978515625 0.6289592760180995 0.018369140624999947 0.15710407239819016
0 0.671875 0.5972850678733032 0.023652343750000027 0.10108597285067862
0 0.16650390625 0.5882352941176471 0.017988281250000016 0.09262443438914039
1 0.8544921875 0.4100904977375565 0.015673828124999956 0.07149321266968331
0 0.59716796875 0.6250226244343892 0.027587890625 0.1504524886877828
0 0.1669921875 0.43497737556561084 0.015078124999999998 0.08882352941176469
0 0.894189453125 0.5706787330316743 0.015322265625000053 0.06950226244343898