1 0.2459765625 0.442579185520362 0.017382812499999956 0.07339366515837104
1 0.5009765625 0.42787330316742084 0.016787109375000053 0.08361990950226239
1 0.5009765625 0.6029411764705882 0.016406249999999956 0.07280542986425328
1 0.137578125 0.6216289592760181 0.015712890624999976 0.0789592760180995
1 0.1728515625 0.6199095022624435 0.016523437500000016 0.07628959276018106
1 0.319091796875 0.614841628959276 0.015429687499999956 0.07778280542986424
1 0.282470703125 0.43778280542986425 0.017382812499999956 0.07656108597285075
1 0.53662109375 0.6040723981900452 0.015488281249999902 0.0739366515837103
1 0.75439453125 0.4165610859728507 0.01553710937500008 0.07366515837104073
1 0.89990234375 0.5893665158371041 0.015898437499999973 0.07628959276018106
1 0.427734375 0.6119909502262444 0.015361328125000018 0.0739366515837103
1 0.5732421875 0.5990045248868778 0.015673828124999956 0.06986425339366514
1 0.79052734375 0.415158371040724 0.016406249999999956 0.07366515837104073
1 0.8271484375 0.41289592760180993 0.016464843749999902 0.0757013574660633
1 0.246220703125 0.61710407239819 0.01578124999999997 0.07601809954751136
1 0.537109375 0.4309954751131222 0.017304687500000027 0.08081447963800911
1 0.6455078125 0.5990045248868778 0.015185546874999956 0.07117647058823538
1 0.209599609375 0.618235294117647 0.01616210937500001 0.07719457013574661
1 0.82763671875 0.5922171945701358 0.015078125000000053 0.07542986425339374
1 0.7548828125 0.5922171945701358 0.01456054687500008 0.07090497737556568
1 0.282958984375 0.6176470588235294 0.01571289062500003 0.07778280542986424
1 0.79052734375 0.5927601809954751 0.015361328125000018 0.07339366515837116
1 0.355224609375 0.6142533936651584 0.015253906250000004 0.07425339366515848
1 0.86376953125 0.5893665158371041 0.015605468750000018 0.07683257918552044
1 0.391845703125 0.6131221719457014 0.015605468750000018 0.07339366515837116
1 0.31884765625 0.4341176470588235 0.016787109375000053 0.07927601809954755
1 0.68212890625 0.5956108597285068 0.015361328125000018 0.07067873303167423
1 0.464599609375 0.6057918552036199 0.015078125000000053 0.07601809954751136
1 0.7177734375 0.5933484162895928 0.014951171874999947 0.07339366515837116
1 0.609375 0.5984162895927602 0.01602539062500008 0.07230769230769239
1 0.6083984375 0.4332579185520362 0.015488281249999902 0.06466063348416286
1 0.4638671875 0.43638009049773757 0.014667968749999982 0.06796380090497742
1 0.9365234375 0.5885972850678733 0.016464843749999902 0.08271493212669696
1 0.427490234375 0.4386425339366516 0.014335937499999951 0.06271493212669689
1 0.210087890625 0.442579185520362 0.014619140625000027 0.06515837104072401
1 0.5732421875 0.4309954751131222 0.017851562499999973 0.08298642533936654
1 0.64453125 0.42733031674208144 0.01473632812499992 0.06316742081447968
1 0.71728515625 0.4256108597285068 0.015253906249999893 0.06796380090497742
1 0.355224609375 0.440316742081448 0.014785156249999987 0.06416289592760184
1 0.973310546875 0.5853393665158372 0.016220703124999902 0.07990950226244355
1 0.101259765625 0.619366515837104 0.01609374999999999 0.07751131221719455
1 0.8994140625 0.41375565610859727 0.014667968749999982 0.06619909502262442
1 0.136357421875 0.44656108597285066 0.015302734375000016 0.06438914027149317
1 0.68115234375 0.42733031674208144 0.014667968749999982 0.06619909502262442
1 0.93603515625 0.41149321266968325 0.014785156250000098 0.0636651583710407
1 0.173583984375 0.440316742081448 0.014228515624999993 0.06746606334841627
1 0.39111328125 0.43778280542986425 0.014453124999999956 0.06081447963800904
1 0.86181640625 0.4165610859728507 0.014619140625000027 0.06271493212669689
1 0.97119140625 0.40923076923076923 0.015302734375000071 0.06773755656108597
1 0.10015625 0.440316742081448 0.012382812500000007 0.05565610859728512