1 0.82080078125 0.5944796380090498 0.01578125000000008 0.07656108597285075
1 0.92822265625 0.4146153846153846 0.013955078124999964 0.06294117647058822
1 0.20349609375 0.44176470588235295 0.01616210937500001 0.07090497737556556
1 0.240478515625 0.44176470588235295 0.016728515624999996 0.06796380090497742
1 0.094482421875 0.4479638009049774 0.013330078125000006 0.05502262443438913
1 0.130986328125 0.44656108597285066 0.013847656250000007 0.058959276018099555
1 0.2763671875 0.44176470588235295 0.017304687500000027 0.06828054298642536
1 0.457275390625 0.43552036199095023 0.016406249999999956 0.07262443438914032
1 0.0570703125 0.440316742081448 0.013798828124999996 0.05850678733031677
1 0.348876953125 0.440316742081448 0.013798828124999996 0.06081447963800904
1 0.5302734375 0.4332579185520362 0.015839843750000027 0.07457013574660629
1 0.63818359375 0.43013574660633486 0.013632812500000036 0.06316742081447968
1 0.456787109375 0.6063348416289592 0.01578124999999997 0.06828054298642523
1 0.7841796875 0.4188235294117647 0.015605468750000018 0.07457013574660629
1 0.4208984375 0.6080542986425339 0.01578124999999997 0.0700904977375566
1 0.7119140625 0.42334841628959274 0.015078125000000053 0.07280542986425341
1 0.71142578125 0.5944796380090498 0.015253906249999893 0.07149321266968331
1 0.275146484375 0.6165158371040724 0.015253906250000004 0.07199095022624445
1 0.34814453125 0.6142533936651584 0.015898437499999973 0.07425339366515848
1 0.7470703125 0.4228054298642534 0.015488281249999902 0.07230769230769227
1 0.8935546875 0.5972850678733032 0.015185546874999956 0.07457013574660641
1 0.6015625 0.43552036199095023 0.013691406249999982 0.059185520361991005
1 0.56591796875 0.6006787330316742 0.015126953125000009 0.06696832579185526
1 0.56591796875 0.43778280542986425 0.014335937500000062 0.06515837104072401
1 0.38525390625 0.4434389140271493 0.013896484375000018 0.0587330316742081
1 0.78466796875 0.5956108597285068 0.014951171874999947 0.07230769230769239
1 0.67529296875 0.5972850678733032 0.014785156250000098 0.0674660633484164
1 0.49365234375 0.43552036199095023 0.01692382812499993 0.07805429864253394
1 0.31201171875 0.44656108597285066 0.014179687499999982 0.0587330316742081
1 0.857421875 0.5888235294117646 0.014785156250000098 0.07312217194570148
1 0.9306640625 0.5922171945701358 0.016162109374999956 0.08497737556561073
1 0.52978515625 0.6018099547511312 0.01571289062499992 0.0674660633484164
1 0.493408203125 0.6069230769230769 0.015302734375000071 0.06642533936651587
1 0.3115234375 0.6153846153846154 0.015839843750000027 0.07230769230769239
1 0.202880859375 0.61710407239819 0.015361328125000018 0.07176470588235301
1 0.130009765625 0.6210407239819005 0.015361328125000018 0.07280542986425328
1 0.421630859375 0.442579185520362 0.014228515625000049 0.0624434389140272
1 0.166630859375 0.620497737556561 0.015957031249999976 0.07457013574660641
1 0.67529296875 0.4323981900452489 0.013427734375 0.061764705882352965
1 0.093017578125 0.6221719457013575 0.015712890625000003 0.07312217194570148
1 0.6025390625 0.5995475113122172 0.014951171874999947 0.06294117647058835
1 0.85693359375 0.41968325791855204 0.01400390624999992 0.06393665158371038
1 0.74755859375 0.5972850678733032 0.015019531250000107 0.06927601809954752
1 0.8193359375 0.42334841628959274 0.013740234374999938 0.06081447963800904
1 0.168212890625 0.44176470588235295 0.013583984375000024 0.06316742081447968
1 0.892578125 0.417420814479638 0.013798828125000107 0.06099547511312212
1 0.38427734375 0.6108597285067874 0.015488281250000013 0.06959276018099546
1 0.6376953125 0.5995475113122172 0.015605468750000018 0.06466063348416298
1 0.23974609375 0.612579185520362 0.015898437499999973 0.07425339366515848
1 0.057705078125 0.61710407239819 0.016464843750000013 0.07488687782805435