1 0.5126953125 0.5882352941176471 0.014843750000000044 0.06466063348416298
1 0.767578125 0.5721266968325792 0.014902343749999991 0.06696832579185526
1 0.7314453125 0.5746606334841629 0.014501953124999911 0.06828054298642523
1 0.44091796875 0.5938914027149321 0.014619140625000027 0.06850678733031668
1 0.3681640625 0.6001357466063348 0.014560546874999969 0.07090497737556568
1 0.29541015625 0.6063348416289592 0.015019531249999996 0.07280542986425328
1 0.65869140625 0.5780542986425339 0.01473632812499992 0.06642533936651587
1 0.8037109375 0.5735294117647058 0.014785156250000098 0.07230769230769239
1 0.5859375 0.5854298642533936 0.014785156250000098 0.06393665158371038
1 0.404541015625 0.5984162895927602 0.015185546874999956 0.07090497737556568
1 0.477294921875 0.5910859728506788 0.015078125000000053 0.06592760180995472
1 0.258544921875 0.6080542986425339 0.015429687499999956 0.07199095022624445
1 0.54931640625 0.42194570135746606 0.016093750000000018 0.07393665158371042
1 0.55029296875 0.583710407239819 0.01456054687500008 0.06592760180995472
1 0.476806640625 0.42194570135746606 0.01627929687499996 0.07601809954751136
1 0.5126953125 0.4205429864253394 0.016464843749999902 0.07628959276018106
1 0.331298828125 0.6040723981900452 0.015078125000000053 0.07280542986425328
1 0.295166015625 0.4264705882352941 0.015673828124999956 0.07117647058823524
1 0.22302734375 0.6052036199095022 0.015781250000000024 0.07312217194570148
1 0.18591796875 0.6119909502262444 0.015078124999999998 0.07176470588235301
1 0.62158203125 0.5831674208144796 0.01473632812499992 0.06176470588235284
1 0.259521484375 0.43013574660633486 0.017041015625000044 0.07393665158371042
1 0.69482421875 0.5780542986425339 0.015019531250000107 0.0677375565610861
1 0.84033203125 0.5715384615384616 0.015126953125000009 0.07262443438914032
1 0.8759765625 0.5695927601809955 0.014667968749999982 0.07176470588235301
1 0.222900390625 0.4318552036199095 0.016982421874999987 0.07176470588235301
1 0.7666015625 0.40497737556561086 0.015078125000000053 0.06796380090497742
1 0.73046875 0.4058371040723982 0.015078125000000053 0.06850678733031668
1 0.1494140625 0.614841628959276 0.015302734375000016 0.07312217194570148
1 0.8037109375 0.4007239819004525 0.01578125000000008 0.06927601809954752
1 0.69384765625 0.4100904977375565 0.014179687499999982 0.06126696832579182
1 0.11376953125 0.614841628959276 0.015019531249999996 0.07488687782805435
1 0.94970703125 0.5667420814479638 0.01578125000000008 0.07542986425339374
1 0.440673828125 0.42959276018099546 0.014228515625000049 0.06294117647058822
1 0.186279296875 0.43723981900452485 0.013427734375 0.059185520361991005
1 0.9130859375 0.5695927601809955 0.015253906249999893 0.07542986425339374
1 0.65771484375 0.41149321266968325 0.013330078125000089 0.059185520361991005
1 0.404052734375 0.42733031674208144 0.013535156250000013 0.06054298642533935
1 0.33154296875 0.42959276018099546 0.013740234375000049 0.05760180995475109
1 0.077392578125 0.6131221719457014 0.0158984375 0.07339366515837116
1 0.62109375 0.4123529411764706 0.013691406249999982 0.06036199095022626
1 0.14990234375 0.43552036199095023 0.013066406249999996 0.05696832579185522
1 0.368408203125 0.4264705882352941 0.013330078124999978 0.058054298642533995
1 0.583984375 0.4182805429864253 0.014111328125000044 0.059185520361991005
1 0.8759765625 0.39565610859728506 0.013896484375000018 0.06054298642533935
1 0.83837890625 0.4007239819004525 0.014228515624999938 0.059185520361991005
1 0.912109375 0.3914027149321267 0.014335937500000062 0.06199095022624429
1 0.9482421875 0.3908597285067873 0.01400390624999992 0.06828054298642536
1 0.11419921875 0.43497737556561084 0.012822265624999996 0.057149321266968305
1 0.07751953125 0.43497737556561084 0.014228515624999993 0.058054298642533995