1 0.59814453125 0.43638009049773757 0.014111328125000044 0.06054298642533935
1 0.744140625 0.4210859728506787 0.01602539062500008 0.07515837104072404
1 0.8525390625 0.42194570135746606 0.013535156249999902 0.06099547511312212
1 0.56201171875 0.4409049773755656 0.014501953124999911 0.06149321266968327
1 0.888671875 0.417420814479638 0.014228515624999938 0.06294117647058822
1 0.344970703125 0.440316742081448 0.013896484375000018 0.058054298642533995
1 0.381103515625 0.4386425339366516 0.013535156250000013 0.060090497737556564
1 0.6708984375 0.4332579185520362 0.014384765625000018 0.0657013574660634
1 0.9248046875 0.417420814479638 0.014062500000000089 0.06271493212669689
1 0.16357421875 0.44656108597285066 0.014619140625000027 0.060090497737556564
1 0.70751953125 0.42334841628959274 0.015185546874999956 0.07393665158371042
1 0.7802734375 0.4205429864253394 0.015839843750000027 0.07656108597285075
1 0.8154296875 0.4264705882352941 0.014335937500000062 0.06099547511312212
1 0.634765625 0.43497737556561084 0.014453124999999956 0.06271493212669689
1 0.30810546875 0.44176470588235295 0.013955078124999964 0.05850678733031677
1 0.127568359375 0.447420814479638 0.013691406249999982 0.05737556561085976
1 0.417724609375 0.442579185520362 0.014384765625000018 0.06294117647058822
1 0.453369140625 0.43552036199095023 0.016220703125000013 0.07488687782805435
1 0.5263671875 0.4323981900452489 0.016337890625000018 0.0795927601809955
1 0.67236328125 0.6057918552036199 0.014785156250000098 0.07628959276018106
1 0.09125 0.4479638009049774 0.013955078124999992 0.058959276018099555
1 0.7451171875 0.6012669683257919 0.015019531250000107 0.08117647058823528
1 0.78125 0.6018099547511312 0.015839843750000027 0.08461538461538456
1 0.490234375 0.43497737556561084 0.016093750000000018 0.07542986425339374
1 0.5634765625 0.6103167420814479 0.015078125000000053 0.07628959276018106
1 0.599609375 0.6085972850678733 0.015019531250000107 0.07601809954751136
1 0.70849609375 0.6018099547511312 0.015302734375000071 0.08117647058823528
1 0.81689453125 0.6006787330316742 0.01627929687500007 0.08638009049773744
1 0.634765625 0.6063348416289592 0.015185546874999956 0.0784162895927601
1 0.9267578125 0.5990045248868778 0.01627929687500007 0.0963800904977376
1 0.272216796875 0.4434389140271493 0.01717773437500003 0.06665158371040719
1 0.453857421875 0.6142533936651584 0.016093750000000018 0.08334841628959283
1 0.235595703125 0.4434389140271493 0.01616210937500001 0.06488687782805432
1 0.52685546875 0.6103167420814479 0.015126953125000009 0.08117647058823528
1 0.199951171875 0.4457013574660634 0.01567382812500001 0.06343891402714937
1 0.89013671875 0.5995475113122172 0.015839843750000027 0.08796380090497737
1 0.490234375 0.615972850678733 0.015605468750000018 0.08334841628959283
1 0.054287109375 0.4504977375565611 0.013427734375 0.058054298642533995
1 0.418212890625 0.6142533936651584 0.016660156249999947 0.08561085972850686
1 0.381591796875 0.6165158371040724 0.016406249999999956 0.0876018099547512
1 0.05481445312500001 0.6289592760180995 0.015781249999999997 0.08348416289592756
1 0.272216796875 0.6233031674208145 0.01652343749999996 0.09036199095022637
1 0.199951171875 0.6266968325791855 0.01567382812500001 0.08963800904977376
1 0.309326171875 0.620497737556561 0.016464843750000013 0.08914027149321262
1 0.163212890625 0.6300904977375565 0.016220703125000013 0.08809954751131234
1 0.3447265625 0.6187782805429864 0.01627929687499996 0.08882352941176469
1 0.2362109375 0.6255656108597285 0.015839843750000027 0.09334841628959274
1 0.85400390625 0.6091855203619909 0.014228515624999938 0.0677375565610861
1 0.09125 0.6318099547511312 0.01616210937500001 0.09226244343891396
1 0.127685546875 0.6295475113122172 0.016523437500000016 0.09013574660633492