0 0.054111328125 0.48366515837104074 0.028749999999999998 0.1719909502262443
0 0.239443359375 0.6319457013574661 0.019716796874999998 0.1352488687782805
0 0.167294921875 0.5973303167420814 0.021884765625000024 0.10561085972850667
1 0.09369140625 0.44429864253393664 0.01466796875000001 0.061764705882352965
0 0.418134765625 0.46497737556561086 0.026230468750000013 0.14846153846153848
0 0.597900390625 0.6260180995475113 0.029082031249999973 0.14764705882352938
0 0.63404296875 0.4461085972850679 0.029560546874999982 0.13425339366515845
0 0.48882812499999995 0.4331674208144797 0.03026367187500001 0.11552036199095023
0 0.275634765625 0.5941176470588235 0.016093750000000018 0.0736651583710406
0 0.673125 0.5950226244343891 0.026542968750000062 0.10176470588235298
0 0.878974609375 0.4633484162895928 0.04329101562499993 0.1976923076923077
0 0.709619140625 0.4265158371040724 0.027373046874999973 0.11932126696832582
0 0.77626953125 0.5942533936651584 0.03405273437499989 0.11506787330316745
0 0.74509765625 0.6094117647058824 0.021865234375000098 0.1346153846153846
0 0.128115234375 0.46452488687782806 0.022646484374999998 0.1443891402714932
0 0.927275390625 0.5858371040723982 0.021445312500000036 0.09864253393665164
0 0.89388671875 0.571764705882353 0.016904296874999947 0.08402714932126694
0 0.560478515625 0.43742081447963804 0.02839843749999993 0.1666515837104073
0 0.197001953125 0.38307692307692304 0.03319335937500001 0.18796380090497733
0 0.166806640625 0.44506787330316744 0.01835937500000001 0.09588235294117646
0 0.346533203125 0.4080090497737557 0.02367187500000001 0.09402714932126698
0 0.8550390625 0.4077828054298643 0.019423828125000098 0.08728506787330313
1 0.56640625 0.583710407239819 0.01602539062500008 0.06796380090497729
0 0.82080078125 0.5729864253393665 0.01595703124999992 0.06796380090497729
0 0.130986328125 0.6018099547511312 0.016582031250000018 0.0677375565610861
1 0.494140625 0.5871040723981901 0.015605468750000018 0.06619909502262442
1 0.71240234375 0.5775113122171945 0.015078125000000053 0.06696832579185526
1 0.421630859375 0.5916289592760181 0.01602539062499997 0.06570135746606326
1 0.6396484375 0.5789140271493213 0.016093750000000018 0.07570135746606343
0 0.78369140625 0.4072398190045249 0.017851562499999973 0.07778280542986424
1 0.310791015625 0.4309954751131222 0.014736328125000031 0.06221719457013575
1 0.348876953125 0.5944796380090498 0.015605468750000018 0.0674660633484164
0 0.7470703125 0.41149321266968325 0.017773437500000044 0.07425339366515836
1 0.38330078125 0.4264705882352941 0.014619140625000027 0.06294117647058822
0 0.20751953125 0.6012669683257919 0.022978515624999973 0.07230769230769239
0 0.451904296875 0.6012669683257919 0.01887695312500004 0.07117647058823538
1 0.45654296875 0.4210859728506787 0.01692382812500004 0.07488687782805435
0 0.0584375 0.6069230769230769 0.01640625000000001 0.0700904977375566
1 0.529296875 0.4160180995475113 0.017578125 0.0784162895927601
0 0.67333984375 0.42194570135746606 0.01553710937500008 0.06696832579185526
1 0.60009765625 0.4228054298642534 0.014902343749999991 0.06343891402714937
1 0.9267578125 0.4058371040723982 0.015302734375000071 0.07199095022624433
0 0.529296875 0.6300904977375565 0.017773437500000044 0.15384615384615385
0 0.30859375 0.6323529411764706 0.02351562500000004 0.15104072398190044
0 0.8525390625 0.5882352941176471 0.02279296874999992 0.09013574660633492
1 0.239384765625 0.42787330316742084 0.016582031250000018 0.07280542986425341
0 0.3798828125 0.6029411764705882 0.022158203125000053 0.08511312217194571
0 0.097412109375 0.6510407239819004 0.020341796874999984 0.16036199095022624
0 0.274169921875 0.46099547511312217 0.01953125 0.14162895927601815
0 0.81591796875 0.40271493212669685 0.027119140624999982 0.1501809954751131