1 0.60107421875 0.5990045248868778 0.015488281249999902 0.06488687782805419
1 0.56494140625 0.5972850678733032 0.015605468750000018 0.06927601809954752
1 0.71044921875 0.5972850678733032 0.014667968749999982 0.07117647058823538
1 0.63720703125 0.5990045248868778 0.015078125000000053 0.06828054298642523
1 0.455810546875 0.6023981900452489 0.01578124999999997 0.07176470588235301
1 0.5283203125 0.5990045248868778 0.015673828124999956 0.06877828054298638
1 0.783203125 0.6012669683257919 0.014843750000000044 0.07601809954751136
1 0.310546875 0.612579185520362 0.015253906250000004 0.07683257918552044
1 0.419921875 0.6057918552036199 0.015673828124999956 0.07176470588235301
1 0.38330078125 0.6069230769230769 0.015488281250000013 0.07339366515837116
1 0.673828125 0.5972850678733032 0.014453124999999956 0.06719457013574671
1 0.8916015625 0.5933484162895928 0.01595703124999992 0.07990950226244355
1 0.056240234375 0.618235294117647 0.0158984375 0.07457013574660641
1 0.273681640625 0.6153846153846154 0.015361328125000018 0.07628959276018106
1 0.45556640625 0.43013574660633486 0.016162109374999956 0.07628959276018106
1 0.346923828125 0.6091855203619909 0.015537109374999969 0.0784162895927601
1 0.7822265625 0.4182805429864253 0.015019531250000107 0.07515837104072404
1 0.4921875 0.6023981900452489 0.01571289062499992 0.07090497737556568
1 0.74609375 0.5995475113122172 0.015078125000000053 0.07719457013574661
1 0.85498046875 0.5972850678733032 0.015673828124999956 0.0784162895927601
1 0.492431640625 0.4332579185520362 0.01627929687500007 0.07778280542986424
1 0.23779296875 0.6165158371040724 0.015605468750000018 0.07628959276018106
1 0.7099609375 0.4210859728506787 0.015605468750000018 0.07425339366515836
1 0.1287890625 0.6210407239819005 0.015712890624999976 0.0789592760180995
1 0.9287109375 0.5950226244343891 0.016464843749999902 0.08588235294117655
1 0.238408203125 0.43778280542986425 0.016582031250000018 0.07117647058823524
1 0.74560546875 0.4210859728506787 0.015185546874999956 0.07176470588235301
1 0.165166015625 0.618235294117647 0.016279296875000016 0.08054298642533941
1 0.20068359375 0.618235294117647 0.016093750000000018 0.0789592760180995
1 0.81884765625 0.6018099547511312 0.015126953125000009 0.07515837104072404
1 0.274169921875 0.43552036199095023 0.01595703125000003 0.07542986425339374
1 0.52880859375 0.42959276018099546 0.01724609375000008 0.08018099547511312
1 0.0922265625 0.6210407239819005 0.01633789062499999 0.08081447963800911
1 0.201171875 0.4395022624434389 0.017578125 0.07457013574660629
1 0.38330078125 0.4395022624434389 0.014228515625000049 0.06199095022624429
1 0.346435546875 0.4409049773755656 0.013740234375000049 0.05828054298642532
1 0.9267578125 0.4160180995475113 0.014453124999999956 0.06438914027149317
1 0.63623046875 0.4318552036199095 0.013896484375000018 0.061764705882352965
1 0.6728515625 0.4341176470588235 0.013896484375000018 0.06271493212669689
1 0.89111328125 0.4210859728506787 0.014179687499999982 0.06199095022624429
1 0.4189453125 0.4409049773755656 0.014228515625000049 0.06294117647058822
1 0.129033203125 0.4457013574660634 0.013427734375 0.061764705882352965
1 0.60009765625 0.43013574660633486 0.014667968749999982 0.06466063348416286
1 0.56396484375 0.43638009049773757 0.01473632812499992 0.06416289592760184
1 0.31005859375 0.4409049773755656 0.013740234375000049 0.05850678733031677
1 0.09234375 0.4479638009049774 0.013583984374999997 0.05760180995475109
1 0.85546875 0.4210859728506787 0.013798828125000107 0.06199095022624429
1 0.164794921875 0.447420814479638 0.014287109374999996 0.06221719457013575
1 0.81689453125 0.4264705882352941 0.01400390624999992 0.06099547511312212
1 0.056552734375 0.4527601809954751 0.014003906250000003 0.059185520361991005