1 0.05482421875 0.6266063348416289 0.015097656250000008 0.07171945701357477
1 0.92626953125 0.6001357466063348 0.016787109375000053 0.0789592760180995
1 0.89013671875 0.6006787330316742 0.015605468750000018 0.07778280542986424
1 0.5263671875 0.6040723981900452 0.015429687499999956 0.06850678733031668
1 0.56298828125 0.6074660633484162 0.015019531250000107 0.06570135746606326
1 0.4541015625 0.6069230769230769 0.016220703125000013 0.06986425339366514
1 0.490478515625 0.6052036199095022 0.015898437499999973 0.06828054298642523
1 0.63525390625 0.6052036199095022 0.014785156250000098 0.06696832579185526
1 0.59912109375 0.6063348416289592 0.015185546874999956 0.0674660633484164
1 0.381591796875 0.612579185520362 0.01627929687499996 0.07176470588235301
1 0.74462890625 0.6046606334841629 0.014667968749999982 0.07230769230769239
1 0.671875 0.6040723981900452 0.014335937500000062 0.0677375565610861
1 0.308837890625 0.615972850678733 0.015898437499999973 0.07457013574660641
1 0.7080078125 0.6052036199095022 0.014843750000000044 0.07199095022624445
1 0.8173828125 0.6052036199095022 0.015605468750000018 0.0739366515837103
1 0.272216796875 0.618235294117647 0.015839843750000027 0.07425339366515848
1 0.2362109375 0.6153846153846154 0.01616210937500001 0.07751131221719455
1 0.19958984375 0.620497737556561 0.015253906250000004 0.07488687782805435
1 0.3447265625 0.615972850678733 0.015839843750000027 0.07339366515837116
1 0.78076171875 0.6074660633484162 0.015429687499999956 0.0736651583710406
1 0.418212890625 0.6069230769230769 0.016162109374999956 0.07570135746606343
1 0.090576171875 0.620497737556561 0.015429687500000011 0.07199095022624445
1 0.7802734375 0.4256108597285068 0.015126953125000009 0.07656108597285075
1 0.744140625 0.4318552036199095 0.014902343749999991 0.07515837104072404
1 0.5263671875 0.43638009049773757 0.015302734375000071 0.08235294117647053
1 0.16296875 0.6221719457013575 0.015898437499999973 0.07601809954751136
1 0.12732421875 0.6210407239819005 0.015185546875000011 0.07751131221719455
1 0.853515625 0.6063348416289592 0.014785156250000098 0.0703619909502263
1 0.7080078125 0.43013574660633486 0.015078125000000053 0.07628959276018106
1 0.4541015625 0.4386425339366516 0.016220703125000013 0.08348416289592756
1 0.272216796875 0.4434389140271493 0.016093750000000018 0.0789592760180995
1 0.490478515625 0.440316742081448 0.016406249999999956 0.08746606334841622
1 0.199462890625 0.44656108597285066 0.016523437500000016 0.07393665158371042
1 0.5615234375 0.44484162895927604 0.014287109375000107 0.0657013574660634
1 0.63427734375 0.4434389140271493 0.013847656250000062 0.06271493212669689
1 0.34521484375 0.449683257918552 0.014287109374999996 0.06271493212669689
1 0.67041015625 0.44429864253393664 0.013798828125000107 0.060090497737556564
1 0.8896484375 0.43013574660633486 0.013740234374999938 0.06126696832579182
1 0.236328125 0.447420814479638 0.014179687499999982 0.06488687782805432
1 0.92529296875 0.42733031674208144 0.014335937500000062 0.06271493212669689
1 0.85302734375 0.4332579185520362 0.013378906250000044 0.06081447963800904
1 0.8154296875 0.43778280542986425 0.013632812500000036 0.05941176470588233
1 0.41748046875 0.4479638009049774 0.015673828124999956 0.06927601809954752
1 0.16357421875 0.45361990950226244 0.014179687499999982 0.061764705882352965
1 0.3818359375 0.44656108597285066 0.014228515625000049 0.06515837104072401
1 0.30859375 0.4513574660633484 0.014384765625000018 0.06221719457013575
1 0.09125 0.45194570135746603 0.01438476562499999 0.0624434389140272
1 0.127568359375 0.4544796380090498 0.012773437499999984 0.05828054298642532
1 0.59814453125 0.442579185520362 0.013740234374999938 0.06221719457013575
1 0.0544140625 0.46099547511312217 0.012578124999999996 0.054162895927601803