1 0.5634765625 0.6040723981900452 0.015078125000000053 0.06828054298642523
1 0.7822265625 0.6040723981900452 0.015126953125000009 0.07542986425339374
1 0.92724609375 0.5972850678733032 0.016728515625000107 0.07959276018099536
1 0.63623046875 0.6040723981900452 0.015078125000000053 0.06904977375565607
1 0.454833984375 0.6069230769230769 0.016093750000000018 0.07262443438914032
1 0.60009765625 0.6035294117647059 0.014843750000000044 0.06515837104072388
1 0.818359375 0.6012669683257919 0.01578125000000008 0.07778280542986424
1 0.8544921875 0.6006787330316742 0.014843750000000044 0.07280542986425328
1 0.708984375 0.6023981900452489 0.015302734375000071 0.0703619909502263
1 0.52685546875 0.6046606334841629 0.01571289062499992 0.07230769230769239
1 0.6728515625 0.6057918552036199 0.014902343749999991 0.0677375565610861
1 0.128056640625 0.6261538461538462 0.015898437499999973 0.07656108597285075
1 0.272705078125 0.620497737556561 0.016093750000000018 0.08018099547511325
1 0.418701171875 0.6119909502262444 0.016220703125000013 0.07312217194570148
1 0.20056640625 0.6216289592760181 0.016279296875000016 0.08054298642533941
1 0.345703125 0.4479638009049774 0.013330078124999978 0.058959276018099555
1 0.890625 0.5990045248868778 0.016093750000000018 0.07425339366515848
1 0.382568359375 0.6142533936651584 0.016464843750000013 0.07570135746606343
1 0.1640625 0.6250226244343892 0.01640625000000001 0.07959276018099536
1 0.345703125 0.6176470588235294 0.016337890625000018 0.07805429864253394
1 0.7451171875 0.4287330316742081 0.015253906249999893 0.07067873303167423
1 0.382568359375 0.447420814479638 0.013632812500000036 0.0624434389140272
1 0.490966796875 0.6091855203619909 0.016845703125 0.07515837104072404
1 0.09185546875 0.6261538461538462 0.01640625000000001 0.07990950226244355
1 0.3095703125 0.619366515837104 0.016220703125000013 0.0784162895927601
1 0.70947265625 0.4264705882352941 0.015361328125000018 0.07515837104072404
1 0.237060546875 0.6210407239819005 0.016582031250000018 0.07990950226244355
1 0.3095703125 0.447420814479638 0.013896484375000018 0.061764705882352965
1 0.78173828125 0.4256108597285068 0.01595703124999992 0.07542986425339374
1 0.5986328125 0.44176470588235295 0.012919921875000018 0.05828054298642532
1 0.63525390625 0.43638009049773757 0.013691406249999982 0.06719457013574658
1 0.56298828125 0.447420814479638 0.01358398437500008 0.059185520361991005
1 0.055205078125 0.6221719457013575 0.01658203124999999 0.07515837104072404
1 0.671875 0.440316742081448 0.013535156249999902 0.06199095022624429
1 0.85400390625 0.42787330316742084 0.014062500000000089 0.06592760180995472
1 0.491455078125 0.4409049773755656 0.01578124999999997 0.08271493212669684
1 0.237431640625 0.44656108597285066 0.013427734375 0.06199095022624429
1 0.27294921875 0.4409049773755656 0.016464843750000013 0.07805429864253394
1 0.12841796875 0.45533936651583706 0.013330078124999978 0.059185520361991005
1 0.74658203125 0.5950226244343891 0.015488281249999902 0.0789592760180995
1 0.16455078125 0.4567420814479638 0.013847656250000007 0.06149321266968327
1 0.455078125 0.43638009049773757 0.01602539062499997 0.08271493212669684
1 0.92626953125 0.4228054298642534 0.01473632812499992 0.06592760180995472
1 0.200078125 0.4513574660633484 0.015488281250000013 0.06850678733031668
1 0.41845703125 0.447420814479638 0.013427734375 0.06199095022624429
1 0.52734375 0.4332579185520362 0.015019531250000107 0.08624434389140273
1 0.09125 0.45760180995475114 0.013066406249999996 0.055837104072398204
1 0.8896484375 0.4264705882352941 0.014453124999999956 0.06538461538461533
1 0.055205078125 0.46180995475113124 0.013222656249999992 0.05647058823529407
1 0.81640625 0.4318552036199095 0.014111328125000044 0.0636651583710407