1 0.67431640625 0.4318552036199095 0.013847656250000062 0.06343891402714937
1 0.81884765625 0.4205429864253394 0.014287109375000107 0.06271493212669689
1 0.276123046875 0.43552036199095023 0.016093750000000018 0.07683257918552032
1 0.78466796875 0.5972850678733032 0.015019531250000107 0.07457013574660641
1 0.56591796875 0.5995475113122172 0.015078125000000053 0.06796380090497729
1 0.49365234375 0.4318552036199095 0.015839843750000027 0.08144796380090498
1 0.38427734375 0.6069230769230769 0.01578124999999997 0.07262443438914032
1 0.457275390625 0.4318552036199095 0.016337890625000018 0.07628959276018106
1 0.8564453125 0.4165610859728507 0.014062500000000089 0.06126696832579182
1 0.93017578125 0.5899547511312216 0.016728515625000107 0.0829864253393664
1 0.8935546875 0.5871040723981901 0.01595703124999992 0.08117647058823528
1 0.71142578125 0.5967420814479638 0.015078125000000053 0.07067873303167423
1 0.60205078125 0.6001357466063348 0.015185546874999956 0.06488687782805419
1 0.4931640625 0.6018099547511312 0.01602539062500008 0.07067873303167423
1 0.420654296875 0.4434389140271493 0.014501953125000022 0.06316742081447968
1 0.3486328125 0.6074660633484162 0.01595703125000003 0.07176470588235301
1 0.638671875 0.5967420814479638 0.015253906249999893 0.06986425339366514
1 0.8203125 0.5972850678733032 0.015488281249999902 0.07488687782805435
1 0.45654296875 0.6023981900452489 0.016162109374999956 0.0700904977375566
1 0.892578125 0.4188235294117647 0.013740234374999938 0.059185520361991005
1 0.6748046875 0.5967420814479638 0.014951171874999947 0.06927601809954752
1 0.748046875 0.5972850678733032 0.015839843750000027 0.07656108597285075
1 0.311767578125 0.6108597285067874 0.01578124999999997 0.07262443438914032
1 0.85693359375 0.5956108597285068 0.014902343749999991 0.07090497737556568
1 0.275634765625 0.613710407239819 0.016093750000000018 0.0736651583710406
1 0.92822265625 0.41289592760180993 0.014384765625000018 0.0636651583710407
1 0.52978515625 0.5995475113122172 0.01602539062500008 0.0677375565610861
1 0.20263671875 0.614841628959276 0.015957031249999976 0.07262443438914032
1 0.34814453125 0.440316742081448 0.014062499999999978 0.06294117647058822
1 0.6376953125 0.4287330316742081 0.01358398437500008 0.06393665158371038
1 0.5654296875 0.43638009049773757 0.014111328125000044 0.0636651583710407
1 0.7470703125 0.4205429864253394 0.014619140625000027 0.07090497737556556
1 0.6015625 0.43013574660633486 0.013896484375000018 0.06343891402714937
1 0.166142578125 0.619366515837104 0.015957031249999976 0.07280542986425328
1 0.529296875 0.43013574660633486 0.01553710937500008 0.07601809954751136
1 0.421142578125 0.6052036199095022 0.015673828124999956 0.07067873303167423
1 0.71142578125 0.4205429864253394 0.015019531250000107 0.07176470588235301
1 0.13037109375 0.620497737556561 0.015537109375000024 0.0736651583710406
1 0.78369140625 0.4182805429864253 0.014667968749999982 0.07117647058823524
1 0.23865234375 0.6142533936651584 0.016093750000000018 0.07176470588235301
1 0.31201171875 0.4457013574660634 0.014287109374999996 0.06126696832579182
1 0.384521484375 0.442579185520362 0.014335937499999951 0.06221719457013575
1 0.202880859375 0.442579185520362 0.017519531249999998 0.07280542986425341
1 0.09369140625 0.6210407239819005 0.015253906250000004 0.07457013574660641
1 0.058134765625 0.620497737556561 0.01583984375 0.07230769230769239
1 0.130498046875 0.44656108597285066 0.014179687499999982 0.059185520361991005
1 0.2401171875 0.43778280542986425 0.015839843750000027 0.07425339366515836
1 0.058134765625 0.449683257918552 0.013847656250000007 0.059185520361991005
1 0.167119140625 0.4479638009049774 0.014228515624999993 0.06199095022624429
1 0.09369140625 0.4488235294117647 0.013955078124999992 0.058959276018099555