1 0.13037109375 0.6142533936651584 0.015605468750000018 0.07601809954751136
1 0.6396484375 0.5809049773755656 0.015605468750000018 0.07149321266968331
1 0.892578125 0.4100904977375565 0.013955078124999964 0.06221719457013575
1 0.203125 0.6103167420814479 0.015839843750000027 0.07628959276018106
1 0.85693359375 0.41289592760180993 0.013896484375000018 0.06036199095022626
1 0.094365234375 0.6142533936651584 0.015126953125000009 0.07683257918552044
1 0.16736328125 0.6108597285067874 0.016025390625000024 0.08117647058823528
1 0.239873046875 0.6085972850678733 0.01567382812500001 0.07683257918552044
1 0.5302734375 0.583710407239819 0.01578125000000008 0.06986425339366514
1 0.8193359375 0.4146153846153846 0.013896484375000018 0.0636651583710407
1 0.60302734375 0.584841628959276 0.015605468750000018 0.07117647058823538
1 0.276123046875 0.6080542986425339 0.016582031250000018 0.07927601809954743
1 0.78515625 0.580316742081448 0.015361328125000018 0.08054298642533941
1 0.312255859375 0.6052036199095022 0.01571289062500003 0.07601809954751136
1 0.45751953125 0.4242081447963801 0.016982421874999987 0.08117647058823528
1 0.34814453125 0.6023981900452489 0.01595703125000003 0.07601809954751136
1 0.493408203125 0.4250678733031674 0.01692382812499993 0.08710407239819004
1 0.7119140625 0.5769230769230769 0.015302734375000071 0.07149321266968331
1 0.67578125 0.581447963800905 0.015253906249999893 0.07339366515837116
1 0.67431640625 0.42334841628959274 0.014453124999999956 0.0657013574660634
1 0.421142578125 0.5950226244343891 0.015537109374999969 0.07312217194570148
1 0.74755859375 0.5766515837104073 0.01553710937500008 0.07805429864253394
1 0.239501953125 0.4332579185520362 0.016337890625000018 0.0757013574660633
1 0.60205078125 0.4264705882352941 0.013535156249999902 0.06054298642533935
1 0.27587890625 0.43013574660633486 0.01724609374999997 0.07719457013574661
1 0.56591796875 0.4323981900452489 0.014111328125000044 0.06081447963800904
1 0.82080078125 0.5769230769230769 0.015673828124999956 0.08271493212669671
1 0.421142578125 0.43638009049773757 0.013535156250000013 0.06221719457013575
1 0.058134765625 0.6114479638009049 0.014951171875000002 0.0739366515837103
1 0.494140625 0.5882352941176471 0.016406249999999956 0.06959276018099546
1 0.202392578125 0.4332579185520362 0.017246093750000024 0.07515837104072404
1 0.45751953125 0.5927601809954751 0.015898437499999973 0.07117647058823538
1 0.6376953125 0.42194570135746606 0.014062500000000089 0.06665158371040719
1 0.92822265625 0.40638009049773754 0.014111328125000044 0.06592760180995472
1 0.89453125 0.5746606334841629 0.01602539062500008 0.08461538461538456
1 0.93115234375 0.5726696832579186 0.01595703124999992 0.08624434389140273
1 0.384765625 0.6023981900452489 0.015488281250000013 0.07457013574660641
1 0.385009765625 0.43497737556561084 0.013583984374999969 0.06054298642533935
1 0.56640625 0.5882352941176471 0.014902343749999991 0.0677375565610861
1 0.52978515625 0.4188235294117647 0.017109374999999982 0.08429864253393662
1 0.311767578125 0.4457013574660634 0.014003906250000031 0.058959276018099555
1 0.85791015625 0.5695927601809955 0.01578125000000008 0.08846153846153851
1 0.7470703125 0.4100904977375565 0.016982421875000098 0.08081447963800911
1 0.78369140625 0.4086425339366516 0.016982421875000098 0.0795927601809955
1 0.7119140625 0.4100904977375565 0.016464843749999902 0.08117647058823528
1 0.348876953125 0.4341176470588235 0.013535156250000013 0.06466063348416286
1 0.130859375 0.44429864253393664 0.013583984375000024 0.060090497737556564
1 0.093876953125 0.44656108597285066 0.013535156250000013 0.05737556561085976
1 0.167236328125 0.44484162895927604 0.014501953125000022 0.06619909502262442
1 0.0584375 0.4479638009049774 0.013955078124999992 0.061764705882352965