1 0.4927734375 0.611131221719457 0.017578125 0.0736651583710406
1 0.493408203125 0.44429864253393664 0.018124999999999947 0.08610859728506788
1 0.9287109375 0.5995475113122172 0.016845703125 0.08524886877828043
1 0.67431640625 0.6035294117647059 0.015019531250000107 0.06904977375565607
1 0.38427734375 0.6080542986425339 0.01627929687499996 0.07117647058823538
1 0.6748046875 0.42959276018099546 0.014384765625000018 0.06294117647058822
1 0.7841796875 0.6001357466063348 0.015898437499999973 0.07628959276018106
1 0.6376953125 0.6040723981900452 0.016093750000000018 0.07230769230769239
1 0.420654296875 0.43778280542986425 0.014384765625000018 0.061764705882352965
1 0.347412109375 0.6119909502262444 0.015605468750000018 0.07067873303167423
1 0.31103515625 0.6131221719457014 0.01627929687499996 0.07339366515837116
1 0.276123046875 0.43723981900452485 0.018369140624999947 0.07656108597285075
1 0.5654296875 0.6046606334841629 0.016845703125 0.07339366515837116
1 0.71142578125 0.6012669683257919 0.015488281249999902 0.07090497737556568
1 0.892578125 0.417420814479638 0.013955078124999964 0.059185520361991005
1 0.7470703125 0.5978733031674208 0.01595703124999992 0.07149321266968331
1 0.093017578125 0.6250226244343892 0.015126953125000009 0.06619909502262442
1 0.8564453125 0.5956108597285068 0.015488281249999902 0.07656108597285075
1 0.63720703125 0.4332579185520362 0.014501953124999911 0.057149321266968305
1 0.12927734375 0.6210407239819005 0.015781250000000024 0.06719457013574671
1 0.7470703125 0.4188235294117647 0.01627929687500007 0.07312217194570134
1 0.456787109375 0.4309954751131222 0.018017578125000044 0.08144796380090498
1 0.2021484375 0.620497737556561 0.01616210937500001 0.06904977375565607
1 0.348388671875 0.440316742081448 0.013896484375000018 0.05669683257918553
1 0.7841796875 0.42334841628959274 0.016093750000000018 0.06488687782805432
1 0.892578125 0.5972850678733032 0.01595703124999992 0.0784162895927601
1 0.42041015625 0.6080542986425339 0.016464843750000013 0.0703619909502263
1 0.9287109375 0.415158371040724 0.01473632812499992 0.0636651583710407
1 0.274658203125 0.6165158371040724 0.01595703125000003 0.07176470588235301
1 0.45654296875 0.6103167420814479 0.017109374999999982 0.07425339366515848
1 0.239140625 0.6176470588235294 0.015781250000000024 0.06904977375565607
1 0.8564453125 0.4228054298642534 0.01400390624999992 0.0636651583710407
1 0.6015625 0.6023981900452489 0.01652343750000007 0.07117647058823538
1 0.60107421875 0.4332579185520362 0.014501953124999911 0.059864253393665114
1 0.202763671875 0.44176470588235295 0.018437499999999996 0.0703619909502263
1 0.7109375 0.4228054298642534 0.01627929687500007 0.07176470588235301
1 0.8193359375 0.5967420814479638 0.01578125000000008 0.07425339366515848
1 0.529296875 0.6063348416289592 0.01652343750000007 0.07457013574660641
1 0.16748046875 0.44429864253393664 0.013740234374999993 0.05565610859728512
1 0.385009765625 0.440316742081448 0.014228515625000049 0.05850678733031677
1 0.311767578125 0.442579185520362 0.014501953125000022 0.0587330316742081
1 0.130498046875 0.44429864253393664 0.014287109374999996 0.05850678733031677
1 0.529296875 0.42787330316742084 0.01724609375000008 0.08117647058823528
1 0.165771484375 0.6227601809954751 0.016582031250000018 0.07457013574660641
1 0.5654296875 0.4386425339366516 0.015185546874999956 0.06271493212669689
1 0.0941796875 0.4434389140271493 0.013535156250000013 0.05760180995475109
1 0.81982421875 0.4242081447963801 0.014619140625000027 0.06099547511312212
1 0.239501953125 0.43723981900452485 0.016923828124999984 0.07149321266968331
1 0.05865234375 0.442579185520362 0.014335937500000007 0.059864253393665114
1 0.0571875 0.6250226244343892 0.017441406250000013 0.07230769230769239