1 0.45458984375 0.4409049773755656 0.016464843750000013 0.08348416289592756
1 0.85498046875 0.6063348416289592 0.015078125000000053 0.08235294117647053
1 0.52783203125 0.6108597285067874 0.015898437499999973 0.07751131221719455
1 0.74560546875 0.6097285067873304 0.015302734375000071 0.0784162895927601
1 0.5634765625 0.6114479638009049 0.01578125000000008 0.07425339366515848
1 0.6728515625 0.6097285067873304 0.015605468750000018 0.07656108597285075
1 0.273193359375 0.44484162895927604 0.016787109375000053 0.08447963800904984
1 0.128056640625 0.6323529411764706 0.015957031249999976 0.08882352941176469
1 0.23681640625 0.6278280542986425 0.015781250000000024 0.08832579185520353
1 0.490966796875 0.4409049773755656 0.015839843750000027 0.08796380090497737
1 0.20056640625 0.6278280542986425 0.016220703125000013 0.08882352941176469
1 0.7822265625 0.6119909502262444 0.015126953125000009 0.08208144796380085
1 0.455078125 0.6165158371040724 0.01692382812500004 0.08361990950226253
1 0.491455078125 0.61710407239819 0.01595703125000003 0.08235294117647053
1 0.9267578125 0.6035294117647059 0.016220703124999902 0.08723981900452477
1 0.3095703125 0.6233031674208145 0.01602539062499997 0.09013574660633492
1 0.273193359375 0.6255656108597285 0.016162109374999956 0.09036199095022637
1 0.52734375 0.4395022624434389 0.015898437499999973 0.08497737556561087
1 0.85302734375 0.4341176470588235 0.013427734375 0.058959276018099555
1 0.89111328125 0.6052036199095022 0.015302734375000071 0.08334841628959283
1 0.67138671875 0.4434389140271493 0.013955078124999964 0.0636651583710407
1 0.60009765625 0.6114479638009049 0.01553710937500008 0.07425339366515848
1 0.09173828125 0.6312217194570136 0.016220703125000013 0.09135746606334841
1 0.70947265625 0.6097285067873304 0.014843750000000044 0.07339366515837116
1 0.3447265625 0.45194570135746603 0.013330078124999978 0.060090497737556564
1 0.818359375 0.6080542986425339 0.01595703124999992 0.08524886877828043
1 0.5625 0.449683257918552 0.013896484375000018 0.06271493212669689
1 0.38232421875 0.619366515837104 0.01692382812500004 0.0876018099547512
1 0.1640625 0.6323529411764706 0.016337890625000018 0.08610859728506776
1 0.70849609375 0.43013574660633486 0.014902343749999991 0.07805429864253394
1 0.634765625 0.4409049773755656 0.014111328125000044 0.06393665158371038
1 0.345703125 0.6238914027149322 0.016337890625000018 0.0876018099547512
1 0.199833984375 0.449683257918552 0.015898437499999973 0.07199095022624433
1 0.63623046875 0.6091855203619909 0.015673828124999956 0.07628959276018106
1 0.81640625 0.4341176470588235 0.01400390624999992 0.06316742081447968
1 0.38134765625 0.4527601809954751 0.013378906250000044 0.06099547511312212
1 0.92529296875 0.4242081447963801 0.014501953124999911 0.06538461538461533
1 0.41845703125 0.618235294117647 0.01627929687499996 0.08411764705882342
1 0.8896484375 0.42787330316742084 0.014062500000000089 0.0636651583710407
1 0.5986328125 0.442579185520362 0.013427734375 0.06054298642533935
1 0.308349609375 0.45533936651583706 0.014179687499999982 0.06149321266968327
1 0.74462890625 0.4318552036199095 0.015302734375000071 0.07542986425339374
1 0.78076171875 0.42733031674208144 0.015361328125000018 0.07751131221719455
1 0.1278125 0.4561538461538462 0.01322265625000002 0.057149321266968305
1 0.235595703125 0.449683257918552 0.015253906250000004 0.07262443438914032
1 0.41845703125 0.45194570135746603 0.014902343749999991 0.06665158371040719
1 0.0555078125 0.6306787330316742 0.016464843750000013 0.08171945701357466
1 0.1639453125 0.4561538461538462 0.014062499999999978 0.06081447963800904
1 0.054599609375 0.4592760180995475 0.013066406249999996 0.055837104072398204
1 0.091064453125 0.4561538461538462 0.012773437500000012 0.05542986425339366