1 0.16345703125 0.440316742081448 0.014062499999999978 0.061764705882352965
1 0.89013671875 0.5687330316742082 0.015302734375000071 0.07656108597285075
1 0.9267578125 0.5667420814479638 0.01652343750000007 0.08208144796380085
1 0.81787109375 0.5721266968325792 0.015019531250000107 0.0739366515837103
1 0.85400390625 0.5681447963800905 0.014951171874999947 0.07542986425339374
1 0.2362109375 0.42959276018099546 0.017441406250000013 0.07683257918552032
1 0.52587890625 0.4165610859728507 0.015253906249999893 0.08054298642533941
1 0.344970703125 0.4309954751131222 0.013691406249999982 0.06126696832579182
1 0.381103515625 0.4309954751131222 0.013271484375000031 0.06199095022624429
1 0.81591796875 0.40638009049773754 0.01400390624999992 0.06099547511312212
1 0.6708984375 0.4182805429864253 0.013847656250000062 0.06316742081447968
1 0.74462890625 0.5729864253393665 0.015078125000000053 0.0736651583710406
1 0.453369140625 0.41968325791855204 0.015537109374999969 0.0784162895927601
1 0.5634765625 0.5797737556561086 0.015488281249999902 0.06904977375565607
1 0.272705078125 0.4264705882352941 0.01652343749999996 0.07805429864253394
1 0.09076171875 0.442579185520362 0.013798828124999996 0.06199095022624429
1 0.091064453125 0.6131221719457014 0.015253906250000004 0.07751131221719455
1 0.85302734375 0.40497737556561086 0.013847656250000062 0.06099547511312212
1 0.7802734375 0.4007239819004525 0.015488281249999902 0.07778280542986424
1 0.308349609375 0.43497737556561084 0.013535156250000013 0.059185520361991005
1 0.127685546875 0.4395022624434389 0.013164062500000018 0.05963800904977379
1 0.7080078125 0.40638009049773754 0.015361328125000018 0.0757013574660633
1 0.199462890625 0.43013574660633486 0.016279296875000016 0.07601809954751136
1 0.272705078125 0.6029411764705882 0.015429687499999956 0.07959276018099536
1 0.63427734375 0.4182805429864253 0.013896484375000018 0.06149321266968327
1 0.78173828125 0.5741176470588235 0.014843750000000044 0.0736651583710406
1 0.744140625 0.4072398190045249 0.015078125000000053 0.07425339366515836
1 0.4541015625 0.5888235294117646 0.015488281250000013 0.06850678733031668
1 0.308837890625 0.5995475113122172 0.015537109374999969 0.07683257918552044
1 0.41796875 0.43013574660633486 0.013125000000000053 0.06126696832579182
1 0.56201171875 0.4256108597285068 0.014228515624999938 0.061764705882352965
1 0.6357421875 0.5789140271493213 0.014384765625000018 0.06538461538461533
1 0.34521484375 0.5972850678733032 0.015537109374999969 0.07805429864253394
1 0.70849609375 0.5741176470588235 0.014951171874999947 0.06986425339366514
1 0.2001953125 0.6085972850678733 0.015537109375000024 0.07778280542986424
1 0.59765625 0.4165610859728507 0.01400390624999992 0.06221719457013575
1 0.3818359375 0.5950226244343891 0.015488281250000013 0.07339366515837116
1 0.16357421875 0.6108597285067874 0.016093750000000018 0.07990950226244355
1 0.49072265625 0.5854298642533936 0.015126953125000009 0.0677375565610861
1 0.127685546875 0.6119909502262444 0.015839843750000027 0.07805429864253394
1 0.41796875 0.5916289592760181 0.01578124999999997 0.07339366515837116
1 0.52685546875 0.5831674208144796 0.015253906249999893 0.0677375565610861
1 0.489013671875 0.4250678733031674 0.015488281250000013 0.07601809954751136
1 0.67236328125 0.5766515837104073 0.014228515624999938 0.06416289592760184
1 0.599609375 0.5820361990950226 0.01473632812499992 0.0624434389140272
1 0.888671875 0.3984615384615385 0.013955078124999964 0.06466063348416286
1 0.92529296875 0.3979185520361991 0.013378906250000044 0.06149321266968327
1 0.04986328125 0.46013574660633483 0.014062500000000006 0.05647058823529407
1 0.236572265625 0.6018099547511312 0.016220703125000013 0.08081447963800911
1 0.054599609375 0.6114479638009049 0.016523437500000016 0.07570135746606343