1 0.2371875 0.44656108597285066 0.017519531249999998 0.07656108597285075
1 0.70947265625 0.4287330316742081 0.01553710937500008 0.07366515837104073
1 0.89208984375 0.5927601809954751 0.01553710937500008 0.07628959276018106
1 0.128544921875 0.6272850678733032 0.016279296875000016 0.08018099547511325
1 0.7822265625 0.4242081447963801 0.015839843750000027 0.07366515837104073
1 0.81689453125 0.4318552036199095 0.014335937500000062 0.060090497737556564
1 0.7451171875 0.42787330316742084 0.014951171874999947 0.07149321266968331
1 0.20154296875 0.4488235294117647 0.017304687500000027 0.07542986425339374
1 0.92822265625 0.5927601809954751 0.016406249999999956 0.07959276018099536
1 0.52880859375 0.43778280542986425 0.016845703125 0.08208144796380085
1 0.67236328125 0.4409049773755656 0.01358398437500008 0.060090497737556564
1 0.564453125 0.6023981900452489 0.01473632812499992 0.0643891402714933
1 0.45556640625 0.440316742081448 0.017382812499999956 0.08208144796380085
1 0.491943359375 0.44176470588235295 0.016845703125 0.08018099547511312
1 0.200927734375 0.6210407239819005 0.01640625000000001 0.0789592760180995
1 0.455322265625 0.6057918552036199 0.01602539062499997 0.06927601809954752
1 0.78271484375 0.5990045248868778 0.014902343749999991 0.06986425339366514
1 0.9267578125 0.42334841628959274 0.01473632812499992 0.06538461538461533
1 0.31005859375 0.619366515837104 0.015673828124999956 0.07425339366515848
1 0.63623046875 0.6023981900452489 0.015019531250000107 0.06642533936651587
1 0.60107421875 0.6023981900452489 0.014951171874999947 0.06538461538461533
1 0.16455078125 0.6272850678733032 0.016787109374999998 0.08144796380090498
1 0.818359375 0.5978733031674208 0.015605468750000018 0.07176470588235301
1 0.38330078125 0.6153846153846154 0.015488281250000013 0.06927601809954752
1 0.27392578125 0.6210407239819005 0.01627929687499996 0.07628959276018106
1 0.52734375 0.6046606334841629 0.015185546874999956 0.06538461538461533
1 0.34619140625 0.619366515837104 0.015361328125000018 0.07230769230769239
1 0.8544921875 0.4332579185520362 0.013476562499999956 0.06149321266968327
1 0.74609375 0.5984162895927602 0.014667968749999982 0.06959276018099546
1 0.274169921875 0.44656108597285066 0.01798828124999996 0.07778280542986424
1 0.491943359375 0.6069230769230769 0.01571289062500003 0.06538461538461533
1 0.09271484375 0.6272850678733032 0.01633789062499999 0.08271493212669671
1 0.419189453125 0.6103167420814479 0.016162109374999956 0.06904977375565607
1 0.67333984375 0.5990045248868778 0.014501953124999911 0.06592760180995472
1 0.85546875 0.5967420814479638 0.015361328125000018 0.07457013574660641
1 0.890625 0.4250678733031674 0.014062500000000089 0.06294117647058822
1 0.6357421875 0.4386425339366516 0.013896484375000018 0.06343891402714937
1 0.7099609375 0.5972850678733032 0.014667968749999982 0.0674660633484164
1 0.59912109375 0.4386425339366516 0.013740234374999938 0.06081447963800904
1 0.345947265625 0.449683257918552 0.013330078124999978 0.060090497737556564
1 0.237919921875 0.620497737556561 0.016279296875000016 0.08018099547511325
1 0.382568359375 0.4513574660633484 0.013271484375000031 0.05963800904977379
1 0.56396484375 0.44429864253393664 0.014951171874999947 0.06642533936651587
1 0.056240234375 0.6227601809954751 0.017177734375000003 0.07683257918552044
1 0.31005859375 0.45194570135746603 0.014501953125000022 0.06149321266968327
1 0.164921875 0.4567420814479638 0.014453125000000011 0.061764705882352965
1 0.1287890625 0.4561538461538462 0.012626953125000007 0.059185520361991005
1 0.09185546875 0.4567420814479638 0.012578124999999996 0.05565610859728512
1 0.056123046875 0.4592760180995475 0.013476562500000011 0.05628959276018099
1 0.418701171875 0.4504977375565611 0.012236328124999973 0.0547963800904978