1 0.2001953125 0.6306787330316742 0.015957031249999976 0.09135746606334841
1 0.273193359375 0.6272850678733032 0.01602539062499997 0.09063348416289581
1 0.3095703125 0.6261538461538462 0.016162109374999956 0.08927601809954759
1 0.382080078125 0.620497737556561 0.016406249999999956 0.08511312217194571
1 0.454345703125 0.61710407239819 0.016162109374999956 0.08235294117647053
1 0.41845703125 0.618235294117647 0.016582031250000018 0.08610859728506776
1 0.490966796875 0.4457013574660634 0.015898437499999973 0.08171945701357466
1 0.74560546875 0.6119909502262444 0.015488281249999902 0.08018099547511325
1 0.455078125 0.442579185520362 0.01627929687499996 0.08411764705882355
1 0.237060546875 0.6295475113122172 0.016523437500000016 0.09312217194570128
1 0.52734375 0.4409049773755656 0.01553710937500008 0.0839819004524887
1 0.70947265625 0.6108597285067874 0.015185546874999956 0.07570135746606343
1 0.345703125 0.6250226244343892 0.01627929687499996 0.08773755656108591
1 0.6728515625 0.6114479638009049 0.015185546874999956 0.07628959276018106
1 0.4912109375 0.6176470588235294 0.015605468750000018 0.08208144796380085
1 0.56396484375 0.6108597285067874 0.01553710937500008 0.07542986425339374
1 0.1639453125 0.6363348416289593 0.016464843750000013 0.09013574660633492
1 0.52734375 0.6108597285067874 0.015898437499999973 0.07751131221719455
1 0.63623046875 0.6114479638009049 0.015126953125000009 0.07542986425339374
1 0.7822265625 0.6142533936651584 0.015429687499999956 0.08384615384615372
1 0.818359375 0.6097285067873304 0.01553710937500008 0.08746606334841622
1 0.60009765625 0.612579185520362 0.015839843750000027 0.07457013574660641
1 0.85498046875 0.6097285067873304 0.015126953125000009 0.08361990950226253
1 0.127197265625 0.6368778280542986 0.016523437500000016 0.0963800904977376
1 0.0913671875 0.6340723981900452 0.015957031250000003 0.09226244343891396
1 0.2734375 0.4479638009049774 0.016582031250000018 0.08081447963800911
1 0.853515625 0.4332579185520362 0.013740234374999938 0.06271493212669689
1 0.708984375 0.4341176470588235 0.015673828124999956 0.0757013574660633
1 0.199345703125 0.4561538461538462 0.018535156250000018 0.08171945701357466
1 0.89111328125 0.6091855203619909 0.015126953125000009 0.08429864253393662
1 0.2362109375 0.4527601809954751 0.016982421874999987 0.07628959276018106
1 0.92529296875 0.4256108597285068 0.01456054687500008 0.06466063348416286
1 0.74462890625 0.4332579185520362 0.015839843750000027 0.0784162895927601
1 0.8896484375 0.42733031674208144 0.014179687499999982 0.06221719457013575
1 0.56298828125 0.4527601809954751 0.013164062500000018 0.05828054298642532
1 0.345458984375 0.45361990950226244 0.013164062500000018 0.05963800904977379
1 0.67138671875 0.44429864253393664 0.01327148437499992 0.06149321266968327
1 0.382080078125 0.45361990950226244 0.013164062500000018 0.058959276018099555
1 0.309326171875 0.45533936651583706 0.013535156250000013 0.060090497737556564
1 0.81640625 0.43638009049773757 0.014335937500000062 0.0624434389140272
1 0.41845703125 0.4567420814479638 0.013476562499999956 0.06054298642533935
1 0.927734375 0.6069230769230769 0.016162109374999956 0.0942533936651583
1 0.599609375 0.44176470588235295 0.012626953125000062 0.06294117647058822
1 0.1630859375 0.46918552036199096 0.014111328124999989 0.06343891402714937
1 0.054990234375 0.6306787330316742 0.016279296875000016 0.08271493212669671
1 0.7802734375 0.4309954751131222 0.015361328125000018 0.07927601809954755
1 0.128173828125 0.471447963800905 0.013164062500000018 0.06054298642533935
1 0.09087890625 0.47058823529411764 0.013124999999999998 0.05628959276018099
1 0.634765625 0.442579185520362 0.013955078124999964 0.0636651583710407
1 0.0530078125 0.46918552036199096 0.013476562499999997 0.05606334841628953