1 0.056240234375 0.4409049773755656 0.015302734374999988 0.06294117647058822
1 0.347412109375 0.4287330316742081 0.014062499999999978 0.0587330316742081
1 0.927734375 0.5899547511312216 0.016728515625000107 0.08524886877828043
1 0.56396484375 0.42733031674208144 0.014335937500000062 0.05850678733031677
1 0.85498046875 0.5854298642533936 0.01571289062499992 0.08271493212669671
1 0.52783203125 0.5967420814479638 0.015898437499999973 0.07312217194570148
1 0.345458984375 0.6035294117647059 0.015537109374999969 0.07280542986425328
1 0.6005859375 0.5933484162895928 0.016406249999999956 0.07230769230769239
1 0.491455078125 0.42334841628959274 0.016787109375000053 0.07751131221719455
1 0.454833984375 0.4228054298642534 0.017382812499999956 0.07778280542986424
1 0.63623046875 0.4228054298642534 0.014062500000000089 0.05828054298642532
1 0.273193359375 0.4309954751131222 0.018124999999999947 0.07280542986425341
1 0.2734375 0.6080542986425339 0.01595703125000003 0.07339366515837116
1 0.564453125 0.5950226244343891 0.01578125000000008 0.07230769230769239
1 0.20056640625 0.6114479638009049 0.01616210937500001 0.07176470588235301
1 0.09271484375 0.43778280542986425 0.01466796875000001 0.057149321266968305
1 0.599609375 0.4210859728506787 0.013955078124999964 0.055837104072398204
1 0.31005859375 0.6074660633484162 0.01595703125000003 0.07280542986425328
1 0.455322265625 0.6018099547511312 0.016406249999999956 0.07262443438914032
1 0.89111328125 0.5882352941176471 0.016220703124999902 0.07990950226244355
1 0.52783203125 0.4210859728506787 0.017382812499999956 0.07778280542986424
1 0.78271484375 0.5922171945701358 0.016162109374999956 0.07488687782805435
1 0.9267578125 0.4058371040723982 0.01473632812499992 0.06488687782805432
1 0.890625 0.40497737556561086 0.01473632812499992 0.061764705882352965
1 0.382568359375 0.6023981900452489 0.015898437499999973 0.07149321266968331
1 0.708984375 0.4086425339366516 0.016337890625000018 0.08117647058823528
1 0.237431640625 0.6097285067873304 0.015839843750000027 0.07176470588235301
1 0.310302734375 0.4323981900452489 0.014003906250000031 0.058054298642533995
1 0.74560546875 0.41149321266968325 0.01602539062500008 0.07515837104072404
1 0.49169921875 0.6006787330316742 0.015839843750000027 0.07090497737556568
1 0.200927734375 0.43497737556561084 0.018095703124999973 0.06773755656108597
1 0.383056640625 0.43013574660633486 0.014111328125000044 0.05850678733031677
1 0.63623046875 0.5927601809954751 0.015361328125000018 0.07117647058823538
1 0.12841796875 0.43638009049773757 0.014951171875000002 0.05828054298642532
1 0.6728515625 0.4188235294117647 0.014287109375000107 0.06271493212669689
1 0.8544921875 0.4100904977375565 0.01456054687500008 0.06466063348416286
1 0.128173828125 0.6153846153846154 0.016025390625000024 0.07339366515837116
1 0.1640625 0.620497737556561 0.016220703125000013 0.07149321266968331
1 0.8173828125 0.41375565610859727 0.013476562499999956 0.05782805429864254
1 0.74609375 0.5904977375565611 0.015253906249999893 0.07067873303167423
1 0.70947265625 0.5916289592760181 0.015302734375000071 0.07262443438914032
1 0.166142578125 0.43778280542986425 0.015019531249999996 0.06271493212669689
1 0.41943359375 0.5995475113122172 0.01717773437500003 0.07199095022624445
1 0.23779296875 0.4309954751131222 0.018828124999999973 0.07312217194570134
1 0.783203125 0.4086425339366516 0.016845703125 0.07656108597285075
1 0.67333984375 0.5956108597285068 0.015361328125000018 0.06850678733031668
1 0.818359375 0.5876923076923076 0.016162109374999956 0.07280542986425328
1 0.41943359375 0.4318552036199095 0.014062499999999978 0.06126696832579182
1 0.091064453125 0.620497737556561 0.015781249999999997 0.06828054298642523
1 0.055419921875 0.61710407239819 0.0158984375 0.0700904977375566