1 0.3681640625 0.4242081447963801 0.013535156250000013 0.05647058823529407
1 0.07708984375 0.6097285067873304 0.016728515624999996 0.07778280542986424
1 0.73046875 0.40357466063348413 0.01553710937500008 0.06959276018099546
1 0.80322265625 0.3965158371040724 0.014951171874999947 0.06986425339366514
1 0.404296875 0.42334841628959274 0.013476562499999956 0.057149321266968305
1 0.87646484375 0.5707239819004525 0.01553710937500008 0.07312217194570148
1 0.62109375 0.4100904977375565 0.013632812500000036 0.058959276018099555
1 0.65771484375 0.4123529411764706 0.013476562499999956 0.059185520361991005
1 0.9501953125 0.5661990950226244 0.016162109374999956 0.07990950226244355
1 0.149169921875 0.612579185520362 0.015839843750000027 0.0739366515837103
1 0.7666015625 0.39990950226244343 0.015185546874999956 0.06904977375565607
1 0.22216796875 0.6057918552036199 0.01567382812500001 0.07656108597285075
1 0.477294921875 0.5899547511312216 0.015185546874999956 0.06796380090497729
1 0.91259765625 0.5687330316742082 0.015429687499999956 0.07542986425339374
1 0.84033203125 0.5721266968325792 0.015126953125000009 0.0739366515837103
1 0.73095703125 0.5741176470588235 0.014667968749999982 0.07117647058823538
1 0.54931640625 0.415158371040724 0.016337890625000018 0.07199095022624433
1 0.767578125 0.5726696832579186 0.014667968749999982 0.06986425339366514
1 0.29541015625 0.6040723981900452 0.015253906250000004 0.0789592760180995
1 0.8037109375 0.5735294117647058 0.014785156250000098 0.07515837104072404
1 0.11376953125 0.6114479638009049 0.01583984375 0.0789592760180995
1 0.403564453125 0.5961538461538461 0.014902343749999991 0.0739366515837103
1 0.55029296875 0.582579185520362 0.015185546874999956 0.06719457013574671
1 0.65869140625 0.5789140271493213 0.014951171874999947 0.06619909502262442
1 0.18640625 0.6091855203619909 0.015185546875000011 0.07515837104072404
1 0.186650390625 0.4318552036199095 0.013124999999999998 0.0587330316742081
1 0.259033203125 0.6097285067873304 0.015185546874999956 0.07262443438914032
1 0.5859375 0.583710407239819 0.014785156250000098 0.0643891402714933
1 0.150029296875 0.4323981900452489 0.013427734375 0.05669683257918553
1 0.58447265625 0.415158371040724 0.01327148437499992 0.058054298642533995
1 0.331787109375 0.4287330316742081 0.014228515625000049 0.05828054298642532
1 0.513671875 0.5871040723981901 0.015302734375000071 0.07176470588235301
1 0.33154296875 0.6029411764705882 0.01595703125000003 0.07959276018099536
1 0.476806640625 0.4182805429864253 0.016337890625000018 0.07601809954751136
1 0.44091796875 0.42733031674208144 0.014619140625000027 0.06221719457013575
1 0.6943359375 0.40923076923076923 0.014453124999999956 0.06199095022624429
1 0.259033203125 0.4242081447963801 0.016982421874999987 0.07199095022624433
1 0.44091796875 0.5927601809954751 0.014785156249999987 0.07176470588235301
1 0.5126953125 0.415158371040724 0.016337890625000018 0.07339366515837104
1 0.3681640625 0.6029411764705882 0.015078125000000053 0.07312217194570148
1 0.295654296875 0.4228054298642534 0.016660156249999947 0.07312217194570134
1 0.114384765625 0.4332579185520362 0.012480468750000001 0.054162895927601803
1 0.6943359375 0.5820361990950226 0.014453124999999956 0.06719457013574671
1 0.223271484375 0.4287330316742081 0.01616210937500001 0.07117647058823524
1 0.91259765625 0.3908597285067873 0.013847656250000062 0.06054298642533935
1 0.077822265625 0.43723981900452485 0.014736328125000003 0.06081447963800904
1 0.87646484375 0.39280542986425343 0.013847656250000062 0.05963800904977379
1 0.62158203125 0.5820361990950226 0.014785156250000098 0.06294117647058835
1 0.8388671875 0.4007239819004525 0.013222656249999964 0.054570135746606345
1 0.9482421875 0.38520361990950225 0.013740234374999938 0.0657013574660634