1 0.34521484375 0.4409049773755656 0.014453124999999956 0.058959276018099555
1 0.92578125 0.4188235294117647 0.014335937500000062 0.06438914027149317
1 0.9267578125 0.5910859728506788 0.016220703124999902 0.07457013574660641
1 0.7080078125 0.42194570135746606 0.015302734375000071 0.07393665158371042
1 0.56298828125 0.5995475113122172 0.015605468750000018 0.06796380090497729
1 0.63525390625 0.5995475113122172 0.015078125000000053 0.0674660633484164
1 0.85302734375 0.5978733031674208 0.014951171874999947 0.06828054298642523
1 0.78076171875 0.5972850678733032 0.015126953125000009 0.07067873303167423
1 0.381591796875 0.4409049773755656 0.013955078124999964 0.06036199095022626
1 0.52685546875 0.4341176470588235 0.01602539062500008 0.07805429864253394
1 0.7080078125 0.5972850678733032 0.015361328125000018 0.06986425339366514
1 0.52587890625 0.6023981900452489 0.015605468750000018 0.06665158371040732
1 0.59912109375 0.6001357466063348 0.015429687499999956 0.0643891402714933
1 0.453857421875 0.6046606334841629 0.015839843750000027 0.06642533936651587
1 0.272216796875 0.614841628959276 0.015429687499999956 0.07262443438914032
1 0.30908203125 0.6131221719457014 0.015488281250000013 0.07199095022624445
1 0.489990234375 0.6023981900452489 0.016220703125000013 0.06642533936651587
1 0.4541015625 0.43497737556561084 0.017382812499999956 0.08447963800904984
1 0.59814453125 0.4318552036199095 0.013691406249999982 0.05941176470588233
1 0.744140625 0.42334841628959274 0.015361328125000018 0.07262443438914032
1 0.74462890625 0.5978733031674208 0.014619140625000027 0.06927601809954752
1 0.853515625 0.4228054298642534 0.014062500000000089 0.05941176470588233
1 0.199833984375 0.4409049773755656 0.016220703125000013 0.07090497737556556
1 0.1991015625 0.614841628959276 0.016093750000000018 0.07149321266968331
1 0.381103515625 0.6085972850678733 0.015898437499999973 0.06904977375565607
1 0.7802734375 0.4210859728506787 0.01553710937500008 0.07230769230769227
1 0.88916015625 0.41968325791855204 0.013798828125000107 0.05782805429864254
1 0.671875 0.5990045248868778 0.014951171874999947 0.06619909502262442
1 0.272705078125 0.4341176470588235 0.016337890625000018 0.07778280542986424
1 0.634765625 0.4323981900452489 0.01400390624999992 0.059864253393665114
1 0.418212890625 0.6063348416289592 0.015839843750000027 0.06877828054298638
1 0.054111328125 0.615972850678733 0.015605468750000004 0.07230769230769239
1 0.235595703125 0.6142533936651584 0.016220703125000013 0.07176470588235301
1 0.81640625 0.5972850678733032 0.015361328125000018 0.07067873303167423
1 0.3447265625 0.6131221719457014 0.015839843750000027 0.07090497737556568
1 0.23681640625 0.43638009049773757 0.01704101562499999 0.07488687782805435
1 0.56201171875 0.43497737556561084 0.014785156250000098 0.06294117647058822
1 0.127080078125 0.619366515837104 0.015302734375000016 0.0700904977375566
1 0.163212890625 0.4434389140271493 0.014335937500000007 0.059185520361991005
1 0.308837890625 0.44176470588235295 0.014619140625000027 0.05941176470588233
1 0.162724609375 0.615972850678733 0.015429687500000011 0.07067873303167423
1 0.490234375 0.4341176470588235 0.016582031250000018 0.08511312217194571
1 0.417724609375 0.4434389140271493 0.015673828124999956 0.06515837104072401
1 0.090576171875 0.6210407239819005 0.015537109374999997 0.07457013574660641
1 0.0913671875 0.4386425339366516 0.013476562500000011 0.057149321266968305
1 0.88916015625 0.5944796380090498 0.015185546874999956 0.07176470588235301
1 0.67138671875 0.4318552036199095 0.013847656250000062 0.06343891402714937
1 0.054501953125 0.44176470588235295 0.013691406249999996 0.05850678733031677
1 0.81591796875 0.42787330316742084 0.014228515624999938 0.06126696832579182
1 0.127685546875 0.4409049773755656 0.013164062500000018 0.05520361990950221