1 0.52783203125 0.6018099547511312 0.014951171874999947 0.06592760180995472
1 0.60107421875 0.6018099547511312 0.014619140625000027 0.06294117647058835
1 0.491943359375 0.6029411764705882 0.01530273437499996 0.06642533936651587
1 0.309814453125 0.612579185520362 0.015839843750000027 0.06959276018099546
1 0.274169921875 0.6142533936651584 0.015429687499999956 0.07230769230769239
1 0.45556640625 0.6040723981900452 0.01571289062500003 0.06696832579185526
1 0.419677734375 0.6074660633484162 0.015839843750000027 0.06904977375565607
1 0.56494140625 0.6001357466063348 0.01553710937500008 0.06592760180995472
1 0.38330078125 0.6074660633484162 0.015537109374999969 0.06927601809954752
1 0.201171875 0.6176470588235294 0.015712890624999976 0.07090497737556568
1 0.2381640625 0.6142533936651584 0.016025390625000024 0.07488687782805435
1 0.09234375 0.6221719457013575 0.01567382812500001 0.0736651583710406
1 0.346435546875 0.6103167420814479 0.015019531249999996 0.06959276018099546
1 0.165166015625 0.6210407239819005 0.01616210937500001 0.07312217194570148
1 0.1287890625 0.6199095022624435 0.014843749999999989 0.07280542986425328
1 0.7099609375 0.5950226244343891 0.014287109375000107 0.0674660633484164
1 0.673828125 0.5995475113122172 0.013847656250000062 0.06488687782805419
1 0.63671875 0.6001357466063348 0.015185546874999956 0.06466063348416298
1 0.783203125 0.6001357466063348 0.014785156250000098 0.07280542986425328
1 0.74609375 0.5995475113122172 0.01456054687500008 0.06828054298642523
1 0.85546875 0.5972850678733032 0.015302734375000071 0.07149321266968331
1 0.8193359375 0.5967420814479638 0.015605468750000018 0.07656108597285075
1 0.05603515625000001 0.619366515837104 0.01583984375 0.07339366515837116
1 0.89208984375 0.5972850678733032 0.01553710937500008 0.07280542986425328
1 0.4921875 0.43497737556561084 0.015537109374999969 0.0757013574660633
1 0.5283203125 0.4332579185520362 0.016162109374999956 0.0786877828054298
1 0.455810546875 0.43723981900452485 0.015898437499999973 0.07601809954751136
1 0.92822265625 0.5910859728506788 0.01724609375000008 0.08461538461538456
1 0.23828125 0.442579185520362 0.016728515624999996 0.07425339366515836
1 0.274169921875 0.4409049773755656 0.016660156249999947 0.07601809954751136
1 0.71044921875 0.42787330316742084 0.014843750000000044 0.06986425339366514
1 0.74560546875 0.4242081447963801 0.014843750000000044 0.07176470588235301
1 0.7822265625 0.4210859728506787 0.014501953124999911 0.07425339366515836
1 0.201787109375 0.44656108597285066 0.018154296874999976 0.07457013574660629
1 0.9267578125 0.4182805429864253 0.014228515624999938 0.0636651583710407
1 0.5634765625 0.4386425339366516 0.014179687499999982 0.06294117647058822
1 0.310302734375 0.4479638009049774 0.013955078124999964 0.06036199095022626
1 0.63623046875 0.4341176470588235 0.013535156249999902 0.06343891402714937
1 0.0922265625 0.45361990950226244 0.012724609375000001 0.05565610859728512
1 0.6728515625 0.43723981900452485 0.013535156249999902 0.06149321266968327
1 0.1650390625 0.4527601809954751 0.013896484375000018 0.06099547511312212
1 0.129033203125 0.4544796380090498 0.013378906249999989 0.058959276018099555
1 0.85546875 0.42733031674208144 0.013427734375 0.06438914027149317
1 0.890625 0.4188235294117647 0.014287109375000107 0.06036199095022626
1 0.3466796875 0.4457013574660634 0.013125000000000053 0.05760180995475109
1 0.383056640625 0.447420814479638 0.013476562499999956 0.05941176470588233
1 0.60009765625 0.4332579185520362 0.013535156249999902 0.0624434389140272
1 0.419189453125 0.4479638009049774 0.012919921875000018 0.05941176470588233
1 0.81689453125 0.43013574660633486 0.01358398437500008 0.06316742081447968
1 0.056640625 0.4567420814479638 0.012333984374999996 0.054162895927601803