1 0.916015625 0.5707239819004525 0.015898437499999973 0.07570135746606343
1 0.8798828125 0.5735294117647058 0.015673828124999956 0.07683257918552044
1 0.58837890625 0.5899547511312216 0.015488281249999902 0.06393665158371038
1 0.29833984375 0.43497737556561084 0.016337890625000018 0.07656108597285075
1 0.4794921875 0.4256108597285068 0.016093750000000018 0.08361990950226239
1 0.62451171875 0.5893665158371041 0.015361328125000018 0.06515837104072388
1 0.55224609375 0.5904977375565611 0.015429687499999956 0.06828054298642523
1 0.953125 0.5695927601809955 0.016093750000000018 0.07927601809954743
1 0.6611328125 0.5859728506787331 0.014501953124999911 0.06393665158371038
1 0.7705078125 0.5797737556561086 0.015078125000000053 0.07628959276018106
1 0.2255859375 0.4386425339366516 0.017441406250000013 0.0784162895927601
1 0.37060546875 0.6040723981900452 0.015253906250000004 0.07262443438914032
1 0.370361328125 0.4386425339366516 0.013476562499999956 0.0587330316742081
1 0.806640625 0.5797737556561086 0.01602539062500008 0.0789592760180995
1 0.26171875 0.4386425339366516 0.016337890625000018 0.07393665158371042
1 0.76953125 0.4072398190045249 0.01473632812499992 0.0700904977375566
1 0.225224609375 0.61710407239819 0.015605468750000018 0.07230769230769239
1 0.47998046875 0.5961538461538461 0.015605468750000018 0.07090497737556568
1 0.515625 0.4256108597285068 0.016162109374999956 0.08271493212669684
1 0.84130859375 0.4058371040723982 0.014111328125000044 0.06036199095022626
1 0.407470703125 0.6001357466063348 0.01571289062500003 0.07262443438914032
1 0.5517578125 0.4228054298642534 0.016093750000000018 0.07990950226244342
1 0.7333984375 0.584841628959276 0.014667968749999982 0.0677375565610861
1 0.443115234375 0.5984162895927602 0.016162109374999956 0.07176470588235301
1 0.66015625 0.4210859728506787 0.013798828125000107 0.06199095022624429
1 0.8427734375 0.583710407239819 0.015302734375000071 0.0677375565610861
1 0.298095703125 0.6131221719457014 0.016093750000000018 0.07457013574660641
1 0.189091796875 0.620497737556561 0.016279296875000016 0.07262443438914032
1 0.40673828125 0.43723981900452485 0.013330078124999978 0.0587330316742081
1 0.7333984375 0.41149321266968325 0.015361328125000018 0.07090497737556556
1 0.51611328125 0.5910859728506788 0.01627929687500007 0.06959276018099546
1 0.152099609375 0.620497737556561 0.016660156250000002 0.07457013574660641
1 0.6962890625 0.4228054298642534 0.013896484375000018 0.06036199095022626
1 0.80517578125 0.40357466063348413 0.015429687499999956 0.07230769230769227
1 0.33447265625 0.6057918552036199 0.016093750000000018 0.0739366515837103
1 0.69775390625 0.5854298642533936 0.01473632812499992 0.06570135746606326
1 0.26171875 0.612579185520362 0.01602539062499997 0.07339366515837116
1 0.58740234375 0.43013574660633486 0.014062500000000089 0.06149321266968327
1 0.91455078125 0.3979185520361991 0.013847656250000062 0.06054298642533935
1 0.87890625 0.4058371040723982 0.01358398437500008 0.06099547511312212
1 0.443115234375 0.440316742081448 0.014287109374999996 0.06316742081447968
1 0.116337890625 0.6199095022624435 0.01616210937500001 0.07601809954751136
1 0.951171875 0.39565610859728506 0.013691406249999982 0.06149321266968327
1 0.62353515625 0.4242081447963801 0.01400390624999992 0.06126696832579182
1 0.1893359375 0.4488235294117647 0.014228515624999993 0.06199095022624429
1 0.333984375 0.4409049773755656 0.013740234375000049 0.05850678733031677
1 0.15271484375 0.447420814479638 0.013476562500000011 0.06221719457013575
1 0.079892578125 0.6199095022624435 0.01616210937500001 0.07312217194570148
1 0.11615234375 0.4488235294117647 0.01389648437499999 0.06126696832579182
1 0.0805078125 0.46239819004524885 0.013066406249999996 0.05565610859728512