1 0.8662109375 0.42194570135746606 0.01229492187499992 0.05502262443438913
1 0.90380859375 0.4160180995475113 0.013476562499999956 0.06036199095022626
1 0.64892578125 0.4256108597285068 0.013378906250000044 0.05828054298642532
1 0.21375 0.4309954751131222 0.013378906249999989 0.05647058823529407
1 0.7216796875 0.4242081447963801 0.013476562499999956 0.06054298642533935
1 0.105224609375 0.4341176470588235 0.013535156250000013 0.05669683257918553
1 0.68505859375 0.4242081447963801 0.013222656249999964 0.06036199095022626
1 0.6123046875 0.4256108597285068 0.013847656250000062 0.061764705882352965
1 0.358642578125 0.42959276018099546 0.013583984374999969 0.058959276018099555
1 0.141728515625 0.4309954751131222 0.012236328124999973 0.05565610859728512
1 0.3955078125 0.42959276018099546 0.013164062500000018 0.057149321266968305
1 0.93994140625 0.41375565610859727 0.01400390624999992 0.059185520361991005
1 0.177861328125 0.4318552036199095 0.012431640625000018 0.055837104072398204
1 0.46826171875 0.4309954751131222 0.014062499999999978 0.06099547511312212
1 0.97607421875 0.41090497737556564 0.01456054687500008 0.06488687782805432
1 0.432373046875 0.4287330316742081 0.013222656249999964 0.05502262443438913
1 0.53466796875 0.4146153846153846 0.014902343749999991 0.0636651583710407
1 0.79443359375 0.417420814479638 0.014785156250000098 0.06904977375565607
1 0.86767578125 0.5899547511312216 0.015185546874999956 0.07719457013574661
1 0.79443359375 0.5910859728506788 0.014843750000000044 0.06538461538461533
1 0.93994140625 0.5882352941176471 0.015185546874999956 0.0789592760180995
1 0.904296875 0.5916289592760181 0.015361328125000018 0.0784162895927601
1 0.251220703125 0.43013574660633486 0.015839843750000027 0.06619909502262442
1 0.75830078125 0.417420814479638 0.015078125000000053 0.07090497737556556
1 0.83056640625 0.5927601809954751 0.015429687499999956 0.07457013574660641
1 0.68505859375 0.5927601809954751 0.01473632812499992 0.06316742081447954
1 0.64892578125 0.5938914027149321 0.014062500000000089 0.06199095022624429
1 0.140263671875 0.6023981900452489 0.015712890624999976 0.07149321266968331
1 0.83056640625 0.41375565610859727 0.015078125000000053 0.07542986425339374
1 0.3232421875 0.4264705882352941 0.016982421874999987 0.06877828054298638
1 0.7216796875 0.5927601809954751 0.014384765625000018 0.06619909502262442
1 0.24939453125 0.6001357466063348 0.015488281250000013 0.07262443438914032
1 0.57666015625 0.4228054298642534 0.016220703124999902 0.07262443438914032
1 0.286376953125 0.4287330316742081 0.016162109374999956 0.06696832579185526
1 0.213017578125 0.6040723981900452 0.014619140625000027 0.06850678733031668
1 0.1033984375 0.6006787330316742 0.015781249999999997 0.07199095022624445
1 0.75830078125 0.5888235294117646 0.014453124999999956 0.0674660633484164
1 0.358154296875 0.6012669683257919 0.015361328125000018 0.0736651583710406
1 0.53955078125 0.6006787330316742 0.014843750000000044 0.06828054298642523
1 0.61279296875 0.5916289592760181 0.015019531250000107 0.06592760180995472
1 0.57666015625 0.5927601809954751 0.01456054687500008 0.06619909502262442
1 0.285888671875 0.6023981900452489 0.015185546874999956 0.07117647058823538
1 0.322265625 0.6046606334841629 0.015537109374999969 0.07230769230769239
1 0.39501953125 0.6012669683257919 0.015078125000000053 0.07262443438914032
1 0.50341796875 0.42194570135746606 0.015898437499999973 0.07393665158371042
1 0.17615234375 0.6069230769230769 0.014619140625000027 0.06642533936651587
1 0.467041015625 0.5978733031674208 0.01530273437499996 0.07149321266968331
1 0.50390625 0.5956108597285068 0.015253906249999893 0.06850678733031668
1 0.978515625 0.5956108597285068 0.016162109374999956 0.08832579185520353
1 0.43115234375 0.5972850678733032 0.015605468750000018 0.07199095022624445