1 0.056142578125 0.4502714932126697 0.012578124999999996 0.060588235294117714
1 0.0922265625 0.4488235294117647 0.011552734375000012 0.052126696832579235
1 0.129033203125 0.4488235294117647 0.011425781249999989 0.051493212669683236
1 0.34619140625 0.4434389140271493 0.011826171875000013 0.054570135746606345
1 0.3828125 0.4457013574660634 0.011425781250000044 0.05190045248868778
1 0.3095703125 0.442579185520362 0.014179687499999982 0.06036199095022626
1 0.273681640625 0.442579185520362 0.013330078124999978 0.0587330316742081
1 0.5634765625 0.43723981900452485 0.013691406249999982 0.06054298642533935
1 0.20068359375 0.4488235294117647 0.014785156249999987 0.06054298642533935
1 0.8544921875 0.42787330316742084 0.013955078124999964 0.06665158371040719
1 0.6357421875 0.4395022624434389 0.013222656249999964 0.05850678733031677
1 0.491943359375 0.44176470588235295 0.013066406249999996 0.06054298642533935
1 0.92578125 0.4250678733031674 0.012675781250000018 0.06343891402714937
1 0.454833984375 0.4434389140271493 0.013632812500000036 0.06036199095022626
1 0.52783203125 0.4409049773755656 0.012148437500000053 0.05941176470588233
1 0.237919921875 0.44656108597285066 0.011201171875000027 0.05049773755656107
1 0.89111328125 0.4287330316742081 0.012431640625000018 0.06054298642533935
1 0.419189453125 0.4386425339366516 0.012431640625000018 0.05669683257918553
1 0.163818359375 0.6261538461538462 0.013583984375000024 0.05737556561085976
1 0.1650390625 0.4479638009049774 0.013124999999999998 0.05647058823529407
1 0.056552734375 0.6266968325791855 0.011826171875 0.052941176470588186
1 0.74560546875 0.4318552036199095 0.012382812500000062 0.06316742081447968
1 0.092041015625 0.6295475113122172 0.01417968750000001 0.06009049773755644
1 0.67138671875 0.4341176470588235 0.012480468749999973 0.060090497737556564
1 0.12841796875 0.6272850678733032 0.014785156249999987 0.06221719457013575
1 0.59912109375 0.43552036199095023 0.01456054687500008 0.06592760180995472
1 0.78271484375 0.4242081447963801 0.016337890625000018 0.08081447963800911
1 0.8916015625 0.5927601809954751 0.015839843750000027 0.07176470588235301
1 0.927734375 0.5978733031674208 0.016162109374999956 0.07067873303167423
1 0.78271484375 0.5938914027149321 0.01553710937500008 0.07117647058823538
1 0.237431640625 0.615972850678733 0.014667968749999982 0.06665158371040732
1 0.310791015625 0.6057918552036199 0.017773437500000044 0.07542986425339374
1 0.81689453125 0.42733031674208144 0.015361328125000018 0.07280542986425341
1 0.70947265625 0.5995475113122172 0.015253906249999893 0.06877828054298638
1 0.383544921875 0.6018099547511312 0.016787109375000053 0.07312217194570148
1 0.8193359375 0.5956108597285068 0.016406249999999956 0.07570135746606343
1 0.67333984375 0.5967420814479638 0.015185546874999956 0.06828054298642523
1 0.27392578125 0.6080542986425339 0.017041015625000044 0.07542986425339374
1 0.8544921875 0.6006787330316742 0.014335937500000062 0.06466063348416298
1 0.6005859375 0.5990045248868778 0.016162109374999956 0.06927601809954752
1 0.63720703125 0.5978733031674208 0.016337890625000018 0.06850678733031668
1 0.52783203125 0.6006787330316742 0.016162109374999956 0.06850678733031668
1 0.74609375 0.5927601809954751 0.015302734375000071 0.07230769230769239
1 0.4921875 0.5972850678733032 0.016982421875000098 0.0703619909502263
1 0.45556640625 0.5984162895927602 0.016982421874999987 0.07067873303167423
1 0.419189453125 0.6023981900452489 0.016220703125000013 0.07280542986425328
1 0.346923828125 0.6080542986425339 0.016582031250000018 0.07601809954751136
1 0.56396484375 0.5972850678733032 0.01692382812499993 0.06877828054298638
1 0.708984375 0.4287330316742081 0.015898437499999973 0.07683257918552032
1 0.200927734375 0.619366515837104 0.01616210937500001 0.07067873303167423