1 0.1014453125 0.6046606334841629 0.01609374999999999 0.07339366515837116
1 0.537109375 0.5944796380090498 0.015429687499999956 0.07457013574660641
1 0.57421875 0.5922171945701358 0.015185546874999956 0.0703619909502263
1 0.5009765625 0.5927601809954751 0.01578125000000008 0.07312217194570148
1 0.7900390625 0.4058371040723982 0.015253906249999893 0.06904977375565607
1 0.609375 0.5927601809954751 0.015605468750000018 0.0677375565610861
1 0.71875 0.581447963800905 0.014785156250000098 0.0739366515837103
1 0.5732421875 0.4182805429864253 0.016406249999999956 0.07656108597285075
1 0.35546875 0.6018099547511312 0.015126953125000009 0.0739366515837103
1 0.465087890625 0.5972850678733032 0.015429687499999956 0.07457013574660641
1 0.245849609375 0.6040723981900452 0.015429687499999956 0.0736651583710406
1 0.282958984375 0.6035294117647059 0.014951171874999947 0.07457013574660641
1 0.82763671875 0.40357466063348413 0.015605468750000018 0.07117647058823524
1 0.427490234375 0.5978733031674208 0.015839843750000027 0.07488687782805435
1 0.2459765625 0.4256108597285068 0.017382812499999956 0.06927601809954752
1 0.318603515625 0.6035294117647059 0.015185546874999956 0.0736651583710406
1 0.828125 0.5766515837104073 0.015185546874999956 0.07570135746606343
1 0.75439453125 0.40638009049773754 0.015126953125000009 0.07067873303167423
1 0.86376953125 0.5766515837104073 0.015488281249999902 0.07339366515837116
1 0.64599609375 0.584841628959276 0.01571289062499992 0.0739366515837103
1 0.5009765625 0.4165610859728507 0.016582031250000018 0.0784162895927601
1 0.2099609375 0.6080542986425339 0.015839843750000027 0.07488687782805435
1 0.537109375 0.41968325791855204 0.016582031250000018 0.07719457013574661
1 0.9365234375 0.5721266968325792 0.016093750000000018 0.07628959276018106
1 0.7548828125 0.5797737556561086 0.014902343749999991 0.07601809954751136
1 0.900390625 0.5735294117647058 0.015839843750000027 0.07339366515837116
1 0.391845703125 0.6001357466063348 0.01571289062500003 0.07457013574660641
1 0.282470703125 0.4242081447963801 0.016787109375000053 0.07067873303167423
1 0.1737109375 0.6091855203619909 0.015126953125000009 0.07425339366515848
1 0.6826171875 0.582579185520362 0.015605468750000018 0.07515837104072404
1 0.71826171875 0.41375565610859727 0.01456054687500008 0.06592760180995472
1 0.97265625 0.5707239819004525 0.016337890625000018 0.07990950226244355
1 0.319091796875 0.42194570135746606 0.017041015625000044 0.07339366515837104
1 0.137451171875 0.6097285067873304 0.015605468750000018 0.07927601809954743
1 0.60888671875 0.4182805429864253 0.01456054687500008 0.06294117647058822
1 0.79150390625 0.5789140271493213 0.015126953125000009 0.07312217194570148
1 0.46435546875 0.42787330316742084 0.014785156249999987 0.06665158371040719
1 0.68115234375 0.41149321266968325 0.013798828125000107 0.059864253393665114
1 0.64501953125 0.41375565610859727 0.01400390624999992 0.06199095022624429
1 0.174443359375 0.42959276018099546 0.013691406249999982 0.05963800904977379
1 0.355712890625 0.42733031674208144 0.014501953125000022 0.061764705882352965
1 0.13806640625 0.43013574660633486 0.013427734375 0.05941176470588233
1 0.2108203125 0.42959276018099546 0.013330078124999978 0.0587330316742081
1 0.93603515625 0.39990950226244343 0.015302734375000071 0.06149321266968327
1 0.42822265625 0.42733031674208144 0.013847656249999951 0.06199095022624429
1 0.8623046875 0.4072398190045249 0.013955078124999964 0.05941176470588233
1 0.392333984375 0.4256108597285068 0.014228515625000049 0.0624434389140272
1 0.89990234375 0.40217194570135745 0.014453124999999956 0.06099547511312212
1 0.1014453125 0.42787330316742084 0.01389648437499999 0.05760180995475109
1 0.9716796875 0.39280542986425343 0.015302734375000071 0.06294117647058822