1 0.92578125 0.580316742081448 0.016660156249999947 0.07628959276018106
1 0.23474609375 0.43013574660633486 0.016523437500000016 0.07628959276018106
1 0.7060546875 0.5876923076923076 0.014453124999999956 0.06665158371040732
1 0.63427734375 0.5888235294117646 0.015126953125000009 0.06515837104072388
1 0.3798828125 0.6012669683257919 0.01595703125000003 0.06592760180995472
1 0.52490234375 0.5922171945701358 0.01553710937500008 0.06466063348416298
1 0.67041015625 0.5871040723981901 0.014902343749999991 0.06538461538461533
1 0.8154296875 0.5859728506787331 0.014951171874999947 0.06986425339366514
1 0.488525390625 0.5938914027149321 0.016162109374999956 0.06466063348416298
1 0.5615234375 0.5927601809954751 0.015839843750000027 0.0624434389140272
1 0.59716796875 0.5899547511312216 0.015839843750000027 0.06393665158371038
1 0.8876953125 0.5854298642533936 0.015126953125000009 0.07262443438914032
1 0.198125 0.6063348416289592 0.01567382812500001 0.06959276018099546
1 0.343505859375 0.5995475113122172 0.015253906250000004 0.07090497737556568
1 0.271240234375 0.6018099547511312 0.014785156249999987 0.07090497737556568
1 0.307373046875 0.6023981900452489 0.015537109374999969 0.07090497737556568
1 0.27099609375 0.4287330316742081 0.016728515624999996 0.0789592760180995
1 0.4521484375 0.5933484162895928 0.01571289062500003 0.06619909502262442
1 0.8525390625 0.5871040723981901 0.015185546874999956 0.06828054298642523
1 0.45263671875 0.4264705882352941 0.017578125 0.08475113122171941
1 0.089111328125 0.6114479638009049 0.015488281250000013 0.0703619909502263
1 0.415771484375 0.5967420814479638 0.015839843750000027 0.06538461538461533
1 0.23474609375 0.6040723981900452 0.015605468750000018 0.07090497737556568
1 0.814453125 0.417420814479638 0.014951171874999947 0.06796380090497742
1 0.525390625 0.4256108597285068 0.01692382812499993 0.08171945701357466
1 0.16150390625 0.6069230769230769 0.015781250000000024 0.07090497737556568
1 0.779296875 0.4123529411764706 0.015361328125000018 0.07719457013574661
1 0.7060546875 0.4165610859728507 0.015488281249999902 0.07683257918552032
1 0.63330078125 0.4287330316742081 0.014619140625000027 0.06538461538461533
1 0.124755859375 0.6097285067873304 0.01640625000000001 0.06828054298642523
1 0.051669921875 0.6080542986425339 0.016923828125 0.07312217194570148
1 0.560546875 0.4287330316742081 0.016093750000000018 0.07176470588235301
1 0.4892578125 0.4264705882352941 0.016982421874999987 0.08298642533936654
1 0.198369140625 0.43497737556561084 0.016787109374999998 0.0757013574660633
1 0.7431640625 0.5865610859728506 0.01456054687500008 0.06466063348416298
1 0.7431640625 0.417420814479638 0.01553710937500008 0.07488687782805435
1 0.08990234375 0.4332579185520362 0.014003906250000003 0.06416289592760184
1 0.88818359375 0.4123529411764706 0.01473632812499992 0.06746606334841627
1 0.85205078125 0.4228054298642534 0.014228515624999938 0.06538461538461533
1 0.126591796875 0.4318552036199095 0.01363281249999998 0.0636651583710407
1 0.16248046875 0.43497737556561084 0.014453125000000011 0.06488687782805432
1 0.77978515625 0.581447963800905 0.014667968749999982 0.07176470588235301
1 0.5966796875 0.4287330316742081 0.01473632812499992 0.06538461538461533
1 0.669921875 0.4264705882352941 0.015126953125000009 0.06850678733031668
1 0.30810546875 0.43552036199095023 0.01652343749999996 0.06642533936651587
1 0.92431640625 0.4086425339366516 0.01473632812499992 0.06642533936651587
1 0.344482421875 0.4318552036199095 0.016845703125 0.06773755656108597
1 0.0526171875 0.43497737556561084 0.015126953124999995 0.06199095022624429
1 0.416748046875 0.43497737556561084 0.015429687499999956 0.07230769230769227
1 0.380126953125 0.42787330316742084 0.016787109375000053 0.07090497737556556