1 0.52685546875 0.4210859728506787 0.017519531250000053 0.07656108597285075
1 0.52685546875 0.5972850678733032 0.01578125000000008 0.07312217194570148
1 0.85400390625 0.5842986425339366 0.015605468750000018 0.08235294117647053
1 0.49072265625 0.6006787330316742 0.01595703125000003 0.07176470588235301
1 0.5634765625 0.5950226244343891 0.015673828124999956 0.07176470588235301
1 0.45361328125 0.4228054298642534 0.017382812499999956 0.07805429864253394
1 0.599609375 0.5927601809954751 0.016093750000000018 0.07176470588235301
1 0.454345703125 0.6018099547511312 0.016337890625000018 0.07312217194570148
1 0.6357421875 0.5927601809954751 0.015253906249999893 0.06986425339366514
1 0.70849609375 0.5916289592760181 0.015361328125000018 0.07199095022624445
1 0.381591796875 0.6018099547511312 0.01602539062499997 0.07067873303167423
1 0.3447265625 0.6029411764705882 0.015673828124999956 0.07312217194570148
1 0.490234375 0.4228054298642534 0.016660156249999947 0.07601809954751136
1 0.272705078125 0.6080542986425339 0.01595703125000003 0.07339366515837116
1 0.309326171875 0.6063348416289592 0.01595703125000003 0.07280542986425328
1 0.67236328125 0.5972850678733032 0.015429687499999956 0.06904977375565607
1 0.236328125 0.6097285067873304 0.016025390625000024 0.07199095022624445
1 0.19958984375 0.6103167420814479 0.015898437499999973 0.07176470588235301
1 0.2724609375 0.43013574660633486 0.018124999999999947 0.07280542986425341
1 0.92724609375 0.5882352941176471 0.016162109374999956 0.08624434389140273
1 0.418212890625 0.5990045248868778 0.017109374999999982 0.0739366515837103
1 0.78173828125 0.5916289592760181 0.015839843750000027 0.07339366515837116
1 0.7451171875 0.5893665158371041 0.014843750000000044 0.06904977375565607
1 0.8173828125 0.5882352941176471 0.015673828124999956 0.07090497737556568
1 0.74462890625 0.4100904977375565 0.01578125000000008 0.07488687782805435
1 0.163330078125 0.6187782805429864 0.016093750000000018 0.07176470588235301
1 0.89013671875 0.5831674208144796 0.01602539062500008 0.08018099547511325
1 0.63525390625 0.4228054298642534 0.014062500000000089 0.05760180995475109
1 0.671875 0.4182805429864253 0.013896484375000018 0.06126696832579182
1 0.41845703125 0.4318552036199095 0.014062499999999978 0.06081447963800904
1 0.090087890625 0.6199095022624435 0.01609374999999999 0.06959276018099546
1 0.128173828125 0.43638009049773757 0.013847656250000007 0.05737556561085976
1 0.92626953125 0.40497737556561086 0.014619140625000027 0.06488687782805432
1 0.12732421875 0.614841628959276 0.015839843750000027 0.0736651583710406
1 0.5986328125 0.4205429864253394 0.013847656250000062 0.05542986425339366
1 0.7822265625 0.4072398190045249 0.016845703125 0.07628959276018106
1 0.237060546875 0.4287330316742081 0.018769531250000027 0.07366515837104073
1 0.382080078125 0.43013574660633486 0.013798828124999996 0.05760180995475109
1 0.200078125 0.4332579185520362 0.017636718750000002 0.06719457013574658
1 0.89013671875 0.4078280542986425 0.014111328125000044 0.06099547511312212
1 0.1650390625 0.43723981900452485 0.014335937500000007 0.06036199095022626
1 0.853515625 0.40923076923076923 0.014287109375000107 0.06416289592760184
1 0.054111328125 0.61710407239819 0.016582031250000004 0.0703619909502263
1 0.7080078125 0.40443438914027147 0.01652343750000007 0.0866063348416289
1 0.3095703125 0.4323981900452489 0.013896484375000018 0.0587330316742081
1 0.56298828125 0.4264705882352941 0.014111328125000044 0.05828054298642532
1 0.816748046875 0.4152036199095023 0.013896484375000018 0.061764705882352965
1 0.34619140625 0.43013574660633486 0.014560546874999969 0.06099547511312212
1 0.091552734375 0.43778280542986425 0.014843749999999989 0.05782805429864254
1 0.055419921875 0.4409049773755656 0.015185546875000011 0.05941176470588233