1 0.7080078125 0.4250678733031674 0.015078125000000053 0.06904977375565607
1 0.9267578125 0.5916289592760181 0.01578125000000008 0.07090497737556568
1 0.74365234375 0.4242081447963801 0.015126953125000009 0.06904977375565607
1 0.52685546875 0.4341176470588235 0.01553710937500008 0.07656108597285075
1 0.053984375 0.618235294117647 0.016220703125 0.06850678733031668
1 0.7802734375 0.4205429864253394 0.014619140625000027 0.07067873303167423
1 0.453369140625 0.4332579185520362 0.01692382812500004 0.07805429864253394
1 0.8896484375 0.5933484162895928 0.015429687499999956 0.06877828054298638
1 0.56298828125 0.6006787330316742 0.01473632812499992 0.06515837104072388
1 0.78076171875 0.5995475113122172 0.015429687499999956 0.07149321266968331
1 0.599609375 0.5995475113122172 0.014951171874999947 0.06294117647058835
1 0.63525390625 0.5990045248868778 0.015488281249999902 0.06466063348416298
1 0.453369140625 0.6023981900452489 0.015185546874999956 0.06538461538461533
1 0.490234375 0.43723981900452485 0.016162109374999956 0.07719457013574661
1 0.671875 0.5972850678733032 0.015078125000000053 0.06294117647058835
1 0.853515625 0.5956108597285068 0.014785156250000098 0.06696832579185526
1 0.8173828125 0.5961538461538461 0.015429687499999956 0.07117647058823538
1 0.199951171875 0.44176470588235295 0.016093750000000018 0.07149321266968331
1 0.344482421875 0.6080542986425339 0.015361328125000018 0.06850678733031668
1 0.272216796875 0.612579185520362 0.015126953125000009 0.06850678733031668
1 0.381103515625 0.6052036199095022 0.015185546874999956 0.06696832579185526
1 0.6708984375 0.43497737556561084 0.01302734374999992 0.05941176470588233
1 0.344482421875 0.44429864253393664 0.012675781250000018 0.05647058823529407
1 0.090087890625 0.6187782805429864 0.01560546874999999 0.06959276018099546
1 0.52587890625 0.5995475113122172 0.015605468750000018 0.06642533936651587
1 0.74462890625 0.5956108597285068 0.014951171874999947 0.06828054298642523
1 0.1991015625 0.614841628959276 0.015605468750000018 0.06986425339366514
1 0.70849609375 0.5956108597285068 0.015126953125000009 0.0643891402714933
1 0.272705078125 0.43778280542986425 0.016660156249999947 0.0786877828054298
1 0.30859375 0.6103167420814479 0.01530273437499996 0.06927601809954752
1 0.381103515625 0.442579185520362 0.012919921875000018 0.05760180995475109
1 0.8154296875 0.42733031674208144 0.013847656250000062 0.06054298642533935
1 0.12732421875 0.6187782805429864 0.015253906250000004 0.06850678733031668
1 0.85302734375 0.4264705882352941 0.013476562499999956 0.06126696832579182
1 0.162724609375 0.6187782805429864 0.015839843750000027 0.06904977375565607
1 0.23583984375 0.612579185520362 0.015429687500000011 0.07067873303167423
1 0.92578125 0.415158371040724 0.014179687499999982 0.0624434389140272
1 0.634765625 0.4332579185520362 0.013691406249999982 0.06199095022624429
1 0.59814453125 0.43497737556561084 0.013222656249999964 0.058959276018099555
1 0.490478515625 0.6012669683257919 0.016162109374999956 0.06665158371040732
1 0.30859375 0.44484162895927604 0.013378906250000044 0.05828054298642532
1 0.41796875 0.6023981900452489 0.016582031250000018 0.06828054298642523
1 0.888671875 0.4182805429864253 0.01400390624999992 0.06036199095022626
1 0.56201171875 0.440316742081448 0.013896484375000018 0.06099547511312212
1 0.417724609375 0.44484162895927604 0.014003906250000031 0.061764705882352965
1 0.127568359375 0.449683257918552 0.012480468749999973 0.05502262443438913
1 0.236572265625 0.44176470588235295 0.018691406249999987 0.07601809954751136
1 0.16357421875 0.4513574660633484 0.013027343749999976 0.055837104072398204
1 0.090390625 0.45194570135746603 0.012871093750000007 0.053303167420814486
1 0.053896484375 0.4561538461538462 0.012822265624999996 0.054162895927601803