0 0.056826171875 0.48619909502262443 0.026308593749999998 0.1690045248868778
0 0.208134765625 0.6018099547511312 0.023076171874999996 0.07176470588235301
0 0.239755859375 0.6333484162895927 0.019462890625000007 0.14552036199095034
0 0.381513671875 0.603710407239819 0.025996093750000004 0.08488687782805426
0 0.346708984375 0.4086425339366516 0.023486328124999956 0.09466063348416297
0 0.879033203125 0.4664253393665158 0.04086914062499991 0.18117647058823524
0 0.45490234375 0.5963348416289592 0.023652343750000027 0.08321266968325786
0 0.561025390625 0.45778280542986427 0.029326171874999973 0.13746606334841627
0 0.63451171875 0.4473755656108597 0.024726562499999938 0.1326244343891403
0 0.674794921875 0.4166515837104072 0.017597656249999982 0.07692307692307693
0 0.708818359375 0.42809954751131224 0.02530273437500008 0.11837104072398189
0 0.74712890625 0.6025339366515837 0.018994140625000044 0.12289592760181006
0 0.74755859375 0.41149321266968325 0.01791015624999992 0.07515837104072404
0 0.48904296875 0.43090497737556566 0.029501953125000036 0.10506787330316741
0 0.41732421875 0.46330316742081445 0.028613281249999956 0.15742081447963796
0 0.815751953125 0.44334841628959276 0.027802734375000027 0.14266968325791857
0 0.166982421875 0.43610859728506784 0.015048828125000024 0.08348416289592756
0 0.197890625 0.3760633484162896 0.030664062499999978 0.17855203619909507
0 0.7841796875 0.4072398190045249 0.017773437500000044 0.0789592760180995
1 0.457275390625 0.4205429864253394 0.017382812499999956 0.07683257918552032
1 0.52978515625 0.4165610859728507 0.017578125 0.0789592760180995
1 0.60107421875 0.4228054298642534 0.015185546874999956 0.06466063348416286
1 0.3837890625 0.4264705882352941 0.014951171874999947 0.06488687782805432
0 0.85498046875 0.41090497737556564 0.015898437499999973 0.07176470588235301
1 0.31103515625 0.4318552036199095 0.014951171874999947 0.06221719457013575
1 0.56689453125 0.583710407239819 0.01627929687500007 0.06877828054298638
1 0.2763671875 0.5972850678733032 0.01627929687499996 0.07312217194570148
1 0.92724609375 0.40638009049773754 0.015605468750000018 0.07199095022624433
0 0.8212890625 0.5735294117647058 0.016093750000000018 0.06877828054298638
1 0.64013671875 0.5789140271493213 0.01627929687500007 0.07601809954751136
0 0.6728515625 0.6023981900452489 0.023906250000000018 0.10167420814479651
1 0.239873046875 0.4287330316742081 0.016523437500000016 0.07425339366515836
1 0.712890625 0.5786425339366515 0.015078125000000053 0.0674660633484164
0 0.49462890625 0.5882352941176471 0.01571289062499992 0.0677375565610861
0 0.13123046875 0.6023981900452489 0.016845703125 0.06828054298642523
1 0.349365234375 0.5950226244343891 0.01571289062500003 0.0674660633484164
1 0.422119140625 0.5922171945701358 0.01627929687499996 0.06538461538461533
1 0.093994140625 0.4457013574660634 0.01438476562499999 0.06099547511312212
0 0.309326171875 0.6329411764705882 0.02360351562499996 0.1518552036199095
0 0.058896484375 0.6080542986425339 0.016464843750000013 0.06850678733031668
0 0.1669921875 0.5916289592760181 0.017988281250000016 0.08945701357466056
0 0.5302734375 0.6295475113122172 0.019990234375000027 0.16076923076923064
0 0.92822265625 0.5859728506787331 0.020771484374999982 0.09380090497737564
0 0.8525390625 0.5882352941176471 0.022080078124999902 0.08977375565610848
0 0.127080078125 0.45760180995475114 0.025273437499999996 0.12999999999999995
0 0.77587890625 0.5786425339366515 0.03390625000000003 0.0677375565610861
0 0.0980859375 0.6459276018099548 0.020966796875 0.16348416289592757
0 0.59765625 0.6250226244343892 0.027636718749999956 0.15104072398190044
0 0.274658203125 0.46099547511312217 0.019990234375000027 0.14027149321266968
0 0.894169921875 0.5764253393665159 0.017685546874999902 0.07135746606334846