1 0.67236328125 0.6119909502262444 0.015126953125000009 0.07570135746606343
1 0.744140625 0.4323981900452489 0.01595703124999992 0.0789592760180995
1 0.52734375 0.6108597285067874 0.01578125000000008 0.07683257918552044
1 0.5634765625 0.6108597285067874 0.015605468750000018 0.07542986425339374
1 0.49072265625 0.4457013574660634 0.015839843750000027 0.08235294117647053
1 0.853515625 0.4332579185520362 0.013691406249999982 0.0624434389140272
1 0.92529296875 0.4256108597285068 0.014228515624999938 0.06316742081447968
1 0.74560546875 0.6114479638009049 0.015429687499999956 0.08018099547511325
1 0.09125 0.6334841628959276 0.015957031250000003 0.08773755656108591
1 0.60009765625 0.612579185520362 0.015839843750000027 0.07488687782805435
1 0.708984375 0.6108597285067874 0.015126953125000009 0.07542986425339374
1 0.235966796875 0.4527601809954751 0.016845703125 0.07656108597285075
1 0.382080078125 0.620497737556561 0.016406249999999956 0.08561085972850686
1 0.7822265625 0.613710407239819 0.015429687499999956 0.08384615384615372
1 0.455078125 0.442579185520362 0.016406249999999956 0.08497737556561087
1 0.70849609375 0.43552036199095023 0.015019531250000107 0.07542986425339374
1 0.2734375 0.447420814479638 0.01652343749999996 0.08054298642533941
1 0.4912109375 0.61710407239819 0.015537109374999969 0.08144796380090498
1 0.127197265625 0.6329411764705882 0.016220703125000013 0.08809954751131234
1 0.6357421875 0.6108597285067874 0.015078125000000053 0.07488687782805435
1 0.927734375 0.6069230769230769 0.016162109374999956 0.09380090497737564
1 0.8896484375 0.42733031674208144 0.014062500000000089 0.06199095022624429
1 0.5625 0.4527601809954751 0.013066406250000107 0.05782805429864254
1 0.30908203125 0.45361990950226244 0.013583984374999969 0.06054298642533935
1 0.34521484375 0.45361990950226244 0.013222656249999964 0.05963800904977379
1 0.309326171875 0.6255656108597285 0.015898437499999973 0.08977375565610848
1 0.418212890625 0.6187782805429864 0.016464843750000013 0.08574660633484157
1 0.382080078125 0.45361990950226244 0.013164062500000018 0.05941176470588233
1 0.198974609375 0.46099547511312217 0.018476562500000016 0.08610859728506788
1 0.454345703125 0.61710407239819 0.01595703125000003 0.08208144796380085
1 0.418212890625 0.4567420814479638 0.013378906250000044 0.059864253393665114
1 0.67138671875 0.44429864253393664 0.013378906250000044 0.06149321266968327
1 0.7802734375 0.43013574660633486 0.015429687499999956 0.07927601809954755
1 0.52685546875 0.4386425339366516 0.015488281249999902 0.08624434389140273
1 0.054990234375 0.6306787330316742 0.016220703125000013 0.08144796380090498
1 0.345458984375 0.6250226244343892 0.01627929687499996 0.08746606334841622
1 0.1640625 0.6340723981900452 0.016337890625000018 0.08475113122171954
1 0.27294921875 0.6278280542986425 0.01602539062499997 0.09013574660633492
1 0.818359375 0.6091855203619909 0.015488281249999902 0.08624434389140273
1 0.85498046875 0.6097285067873304 0.015078125000000053 0.0839819004524887
1 0.89111328125 0.6085972850678733 0.015126953125000009 0.08475113122171954
1 0.599609375 0.442579185520362 0.012236328124999973 0.06199095022624429
1 0.199951171875 0.6295475113122172 0.015781250000000024 0.0876018099547512
1 0.81640625 0.43723981900452485 0.014453124999999956 0.0624434389140272
1 0.634765625 0.442579185520362 0.014062500000000089 0.06416289592760184
1 0.23681640625 0.6295475113122172 0.016337890625000018 0.09171945701357458
1 0.12830078125 0.4807692307692308 0.012919921875000018 0.06149321266968327
1 0.0913671875 0.471447963800905 0.013222656249999992 0.05669683257918553
1 0.051455078125 0.49687782805429864 0.014228515624999993 0.06199095022624429
1 0.1619921875 0.4884162895927602 0.013271484374999976 0.06221719457013575