1 0.394775390625 0.4287330316742081 0.013125000000000053 0.05737556561085976
1 0.467529296875 0.4287330316742081 0.014501953125000022 0.06294117647058822
1 0.97705078125 0.5916289592760181 0.01692382812499993 0.09099547511312224
0 0.53623046875 0.4241628959276018 0.025742187499999902 0.09380090497737552
1 0.9033203125 0.5904977375565611 0.015488281249999902 0.0784162895927601
1 0.720703125 0.5922171945701358 0.014453124999999956 0.06619909502262442
1 0.57568359375 0.42334841628959274 0.016337890625000018 0.07176470588235301
1 0.64794921875 0.5927601809954751 0.014228515624999938 0.06271493212669689
1 0.35791015625 0.42959276018099546 0.014062499999999978 0.059864253393665114
1 0.6845703125 0.5910859728506788 0.014902343749999991 0.06393665158371038
1 0.7578125 0.5882352941176471 0.01456054687500008 0.06877828054298638
1 0.68408203125 0.4228054298642534 0.012919921875000018 0.059185520361991005
1 0.32275390625 0.4256108597285068 0.017041015625000044 0.06904977375565607
1 0.5390625 0.5990045248868778 0.015078125000000053 0.06877828054298638
1 0.5029296875 0.4210859728506787 0.016162109374999956 0.07457013574660629
1 0.466552734375 0.5967420814479638 0.015361328125000018 0.07149321266968331
1 0.431396484375 0.42733031674208144 0.013583984374999969 0.05669683257918553
1 0.28515625 0.6012669683257919 0.015361328125000018 0.07230769230769239
1 0.7939453125 0.5899547511312216 0.015673828124999956 0.06796380090497729
1 0.6484375 0.4242081447963801 0.013330078125000089 0.059185520361991005
1 0.75732421875 0.4160180995475113 0.015302734375000071 0.07230769230769227
1 0.939453125 0.5871040723981901 0.015605468750000018 0.0789592760180995
1 0.57568359375 0.5916289592760181 0.014785156250000098 0.06696832579185526
1 0.213017578125 0.42959276018099546 0.013740234374999993 0.058054298642533995
1 0.357666015625 0.5995475113122172 0.015488281250000013 0.07457013574660641
1 0.39453125 0.6001357466063348 0.015126953125000009 0.0736651583710406
1 0.21240234375 0.6035294117647059 0.014736328124999976 0.06828054298642523
1 0.720703125 0.42194570135746606 0.013222656249999964 0.06199095022624429
1 0.17517578125 0.6057918552036199 0.014785156249999987 0.06665158371040732
1 0.50341796875 0.5944796380090498 0.015429687499999956 0.06986425339366514
1 0.28564453125 0.42733031674208144 0.016660156249999947 0.06746606334841627
1 0.82958984375 0.4123529411764706 0.015126953125000009 0.07656108597285075
1 0.611328125 0.4256108597285068 0.013798828125000107 0.059864253393665114
1 0.79345703125 0.415158371040724 0.015019531250000107 0.0703619909502263
1 0.17712890625 0.4309954751131222 0.012773437499999984 0.05669683257918553
1 0.86669921875 0.5944796380090498 0.014843750000000044 0.07230769230769239
1 0.830078125 0.5916289592760181 0.01553710937500008 0.07488687782805435
1 0.140869140625 0.43013574660633486 0.012578124999999996 0.05565610859728512
1 0.321533203125 0.6029411764705882 0.01571289062500003 0.07280542986425328
1 0.43017578125 0.5972850678733032 0.015537109374999969 0.07280542986425328
1 0.25048828125 0.42959276018099546 0.016406249999999956 0.06665158371040719
1 0.61181640625 0.5888235294117646 0.015019531250000107 0.06850678733031668
1 0.24853515625 0.5995475113122172 0.015673828124999956 0.07339366515837116
1 0.939453125 0.41289592760180993 0.014179687499999982 0.0587330316742081
1 0.13916015625 0.6023981900452489 0.015605468750000018 0.07230769230769239
1 0.9033203125 0.4146153846153846 0.013476562499999956 0.06036199095022626
1 0.104306640625 0.4318552036199095 0.01369140625000001 0.057149321266968305
1 0.865234375 0.41968325791855204 0.012382812500000062 0.05502262443438913
1 0.9755859375 0.4072398190045249 0.015361328125000018 0.06796380090497742
1 0.102841796875 0.6006787330316742 0.015712890625000003 0.07199095022624445