1 0.708984375 0.41968325791855204 0.01578125000000008 0.07366515837104073
1 0.92626953125 0.41375565610859727 0.01400390624999992 0.06294117647058822
1 0.927734375 0.5922171945701358 0.015898437499999973 0.08809954751131234
1 0.78173828125 0.4160180995475113 0.015185546874999956 0.07199095022624433
1 0.7451171875 0.417420814479638 0.015302734375000071 0.07230769230769227
1 0.56396484375 0.5995475113122172 0.014619140625000027 0.06927601809954752
1 0.70947265625 0.5956108597285068 0.01456054687500008 0.07425339366515848
1 0.382080078125 0.6097285067873304 0.01530273437499996 0.08208144796380085
1 0.454833984375 0.6057918552036199 0.01530273437499996 0.07515837104072404
1 0.309814453125 0.615972850678733 0.015185546874999956 0.08271493212669671
1 0.20056640625 0.6199095022624435 0.015957031249999976 0.08348416289592756
1 0.85498046875 0.5916289592760181 0.014501953124999911 0.0736651583710406
1 0.128056640625 0.6255656108597285 0.015488281250000013 0.0829864253393664
1 0.4912109375 0.5984162895927602 0.014843750000000044 0.06796380090497729
1 0.6728515625 0.5972850678733032 0.014843750000000044 0.07339366515837116
1 0.16443359375 0.6250226244343892 0.016093750000000018 0.08235294117647053
1 0.4912109375 0.42959276018099546 0.016582031250000018 0.07199095022624433
1 0.52734375 0.4250678733031674 0.016787109375000053 0.07628959276018106
1 0.20154296875 0.440316742081448 0.016093750000000018 0.0657013574660634
1 0.60009765625 0.5978733031674208 0.015126953125000009 0.06959276018099546
1 0.63623046875 0.5978733031674208 0.014619140625000027 0.07199095022624445
1 0.4189453125 0.6080542986425339 0.01595703125000003 0.07959276018099536
1 0.7822265625 0.5944796380090498 0.014843750000000044 0.07656108597285075
1 0.74560546875 0.5938914027149321 0.014785156250000098 0.07542986425339374
1 0.27294921875 0.6199095022624435 0.01602539062499997 0.08334841628959283
1 0.52734375 0.5978733031674208 0.015078125000000053 0.06986425339366514
1 0.45458984375 0.42959276018099546 0.01602539062499997 0.07280542986425341
1 0.273681640625 0.4386425339366516 0.015537109374999969 0.06393665158371038
1 0.345458984375 0.615972850678733 0.015673828124999956 0.08117647058823528
1 0.09234375 0.44429864253393664 0.012773437500000012 0.05542986425339366
1 0.89013671875 0.41289592760180993 0.01456054687500008 0.061764705882352965
1 0.818359375 0.5950226244343891 0.01553710937500008 0.07927601809954743
1 0.890625 0.5904977375565611 0.015673828124999956 0.08524886877828043
1 0.0913671875 0.6250226244343892 0.01658203124999999 0.08796380090497737
1 0.5634765625 0.4332579185520362 0.014335937500000062 0.06221719457013575
1 0.383056640625 0.43552036199095023 0.013330078124999978 0.059185520361991005
1 0.599609375 0.42787330316742084 0.013847656250000062 0.06099547511312212
1 0.237060546875 0.6153846153846154 0.015957031249999976 0.08461538461538456
1 0.34619140625 0.4341176470588235 0.013535156250000013 0.0587330316742081
1 0.237919921875 0.43778280542986425 0.015126953125000009 0.06316742081447968
1 0.164921875 0.44429864253393664 0.01363281249999998 0.05828054298642532
1 0.055419921875 0.6210407239819005 0.015781249999999997 0.08018099547511325
1 0.6357421875 0.43013574660633486 0.01358398437500008 0.06054298642533935
1 0.12890625 0.4434389140271493 0.012480468749999973 0.05393665158371035
1 0.671875 0.43013574660633486 0.013798828125000107 0.06081447963800904
1 0.3095703125 0.43723981900452485 0.013476562499999956 0.05782805429864254
1 0.85400390625 0.4205429864253394 0.013798828125000107 0.05963800904977379
1 0.81689453125 0.4210859728506787 0.013847656250000062 0.06126696832579182
1 0.419189453125 0.43638009049773757 0.012871093749999951 0.055837104072398204
1 0.056767578125 0.449683257918552 0.012675781250000004 0.05271493212669686