1 0.8173828125 0.43497737556561084 0.014619140625000027 0.06316742081447968
1 0.492431640625 0.43778280542986425 0.016337890625000018 0.08574660633484157
1 0.89208984375 0.5961538461538461 0.01553710937500008 0.0789592760180995
1 0.92919921875 0.5995475113122172 0.01602539062500008 0.08081447963800911
1 0.7822265625 0.42733031674208144 0.015126953125000009 0.07393665158371042
1 0.455322265625 0.43778280542986425 0.016582031250000018 0.07990950226244342
1 0.85546875 0.4318552036199095 0.013896484375000018 0.06416289592760184
1 0.529296875 0.43778280542986425 0.01652343750000007 0.08334841628959283
1 0.74609375 0.42959276018099546 0.014667968749999982 0.07199095022624433
1 0.056640625 0.46099547511312217 0.013798828124999996 0.05941176470588233
1 0.7099609375 0.43013574660633486 0.015302734375000071 0.07339366515837104
1 0.31005859375 0.4479638009049774 0.014843750000000044 0.06294117647058822
1 0.783203125 0.6052036199095022 0.014843750000000044 0.07542986425339374
1 0.81982421875 0.6012669683257919 0.01553710937500008 0.08018099547511325
1 0.564453125 0.44484162895927604 0.014951171874999947 0.06438914027149317
1 0.2744140625 0.6176470588235294 0.01571289062500003 0.07927601809954743
1 0.2744140625 0.4409049773755656 0.017304687500000027 0.08054298642533941
1 0.89111328125 0.42733031674208144 0.014179687499999982 0.06665158371040719
1 0.310791015625 0.6187782805429864 0.015537109374999969 0.0784162895927601
1 0.165283203125 0.6266968325791855 0.016279296875000016 0.0789592760180995
1 0.63623046875 0.4409049773755656 0.014228515624999938 0.06271493212669689
1 0.20203125 0.6210407239819005 0.016523437500000016 0.08144796380090498
1 0.383056640625 0.44656108597285066 0.014619140625000027 0.06416289592760184
1 0.34716796875 0.44429864253393664 0.014062499999999978 0.0636651583710407
1 0.6728515625 0.4409049773755656 0.014335937500000062 0.06416289592760184
1 0.419189453125 0.447420814479638 0.013896484375000018 0.06221719457013575
1 0.2021484375 0.4479638009049774 0.017246093750000024 0.07312217194570134
1 0.92724609375 0.4256108597285068 0.014619140625000027 0.06773755656108597
1 0.74609375 0.6057918552036199 0.014902343749999991 0.0739366515837103
1 0.12939453125 0.45361990950226244 0.013740234374999993 0.06199095022624429
1 0.129033203125 0.6244343891402715 0.015781250000000024 0.07805429864253394
1 0.056552734375 0.6210407239819005 0.016523437500000016 0.07457013574660641
1 0.23779296875 0.619366515837104 0.015839843750000027 0.07751131221719455
1 0.71044921875 0.6035294117647059 0.014453124999999956 0.06986425339366514
1 0.60009765625 0.4386425339366516 0.01456054687500008 0.06416289592760184
1 0.238408203125 0.44176470588235295 0.016923828124999984 0.07425339366515836
1 0.673828125 0.6040723981900452 0.014785156250000098 0.0700904977375566
1 0.346923828125 0.614841628959276 0.015839843750000027 0.0784162895927601
1 0.09283203125 0.6238914027149322 0.01609374999999999 0.0789592760180995
1 0.455810546875 0.6074660633484162 0.01578124999999997 0.07117647058823538
1 0.56494140625 0.6023981900452489 0.01553710937500008 0.07117647058823538
1 0.383544921875 0.6142533936651584 0.015673828124999956 0.07457013574660641
1 0.85595703125 0.6069230769230769 0.014453124999999956 0.06719457013574671
1 0.092041015625 0.4561538461538462 0.013427734375 0.05737556561085976
1 0.4921875 0.6080542986425339 0.015537109374999969 0.07117647058823538
1 0.419677734375 0.6108597285067874 0.01571289062500003 0.07425339366515848
1 0.63720703125 0.6040723981900452 0.015185546874999956 0.0700904977375566
1 0.165166015625 0.45533936651583706 0.014501953125000022 0.0624434389140272
1 0.52880859375 0.6018099547511312 0.01578125000000008 0.07280542986425328
1 0.60107421875 0.6040723981900452 0.015126953125000009 0.0677375565610861