1 0.054599609375 0.615972850678733 0.015537109374999997 0.07199095022624445
1 0.81640625 0.42787330316742084 0.014228515624999938 0.06081447963800904
1 0.5986328125 0.4318552036199095 0.01358398437500008 0.059185520361991005
1 0.92578125 0.4182805429864253 0.014453124999999956 0.06488687782805432
1 0.634765625 0.4332579185520362 0.013955078124999964 0.05963800904977379
1 0.599609375 0.6006787330316742 0.015302734375000071 0.06488687782805419
1 0.67236328125 0.6001357466063348 0.014951171874999947 0.06570135746606326
1 0.67138671875 0.4323981900452489 0.013955078124999964 0.0636651583710407
1 0.16345703125 0.4434389140271493 0.014287109374999996 0.058959276018099555
1 0.309326171875 0.613710407239819 0.015429687499999956 0.07230769230769239
1 0.41845703125 0.6069230769230769 0.015898437499999973 0.06904977375565607
1 0.74462890625 0.4228054298642534 0.015361328125000018 0.07262443438914032
1 0.381591796875 0.6091855203619909 0.015898437499999973 0.06904977375565607
1 0.4541015625 0.6052036199095022 0.015898437499999973 0.06642533936651587
1 0.5263671875 0.6029411764705882 0.015673828124999956 0.06619909502262442
1 0.5625 0.43552036199095023 0.014843750000000044 0.06294117647058822
1 0.2724609375 0.614841628959276 0.015429687499999956 0.07176470588235301
1 0.78076171875 0.4210859728506787 0.01553710937500008 0.07199095022624433
1 0.09087890625 0.6216289592760181 0.01560546874999999 0.07457013574660641
1 0.52685546875 0.4341176470588235 0.01595703124999992 0.07751131221719455
1 0.63525390625 0.6006787330316742 0.015126953125000009 0.06665158371040732
1 0.853515625 0.42334841628959274 0.014179687499999982 0.05941176470588233
1 0.344970703125 0.612579185520362 0.01578124999999997 0.07067873303167423
1 0.127568359375 0.618235294117647 0.014902343749999991 0.07090497737556568
1 0.2362109375 0.613710407239819 0.016220703125000013 0.07149321266968331
1 0.5634765625 0.6001357466063348 0.015429687499999956 0.0677375565610861
1 0.70849609375 0.4228054298642534 0.015361328125000018 0.07339366515837104
1 0.417724609375 0.442579185520362 0.014335937499999951 0.06099547511312212
1 0.19958984375 0.6142533936651584 0.016093750000000018 0.07199095022624445
1 0.74462890625 0.5978733031674208 0.01473632812499992 0.06904977375565607
1 0.3818359375 0.44176470588235295 0.014003906250000031 0.06036199095022626
1 0.490478515625 0.6023981900452489 0.016162109374999956 0.06619909502262442
1 0.09173828125 0.4386425339366516 0.013476562500000011 0.05696832579185522
1 0.30908203125 0.442579185520362 0.014619140625000027 0.059185520361991005
1 0.88916015625 0.41968325791855204 0.013740234374999938 0.0587330316742081
1 0.70849609375 0.5972850678733032 0.015488281249999902 0.06877828054298638
1 0.163212890625 0.6165158371040724 0.015488281250000013 0.0703619909502263
1 0.45458984375 0.43497737556561084 0.017382812499999956 0.08298642533936654
1 0.78076171875 0.5978733031674208 0.015253906249999893 0.07067873303167423
1 0.490478515625 0.43497737556561084 0.016464843750000013 0.08298642533936654
1 0.853515625 0.5978733031674208 0.014951171874999947 0.06904977375565607
1 0.345458984375 0.4409049773755656 0.014453124999999956 0.0587330316742081
1 0.200078125 0.44176470588235295 0.016220703125000013 0.07090497737556556
1 0.81689453125 0.5978733031674208 0.015361328125000018 0.06986425339366514
1 0.1279296875 0.4409049773755656 0.013271484374999976 0.05542986425339366
1 0.272705078125 0.4332579185520362 0.016162109374999956 0.07683257918552032
1 0.237060546875 0.43638009049773757 0.016337890625000018 0.07149321266968331
1 0.9267578125 0.5938914027149321 0.016406249999999956 0.07628959276018106
1 0.05490234375 0.4409049773755656 0.013583984374999997 0.05941176470588233
1 0.89013671875 0.5956108597285068 0.015302734375000071 0.07090497737556568