0 0.48833007812500007 0.44728506787330313 0.029824218749999964 0.09561085972850676
1 0.4580078125 0.4341176470588235 0.013330078124999978 0.06036199095022626
1 0.7490234375 0.41090497737556564 0.016464843749999902 0.07488687782805435
1 0.6032421875 0.6036651583710407 0.015849609375000018 0.0842533936651584
1 0.713212890625 0.600814479638009 0.015478515624999911 0.08285067873303169
1 0.785048828125 0.6036651583710407 0.014521484374999893 0.09393665158371037
1 0.857802734375 0.6025339366515837 0.014863281250000027 0.09144796380090489
1 0.821396484375 0.6013574660633484 0.015576171875000044 0.09574660633484174
1 0.930732421875 0.6039819004524887 0.015927734374999947 0.10366515837104083
1 0.8942578125 0.6005882352941176 0.015263671875000107 0.09687782805429876
1 0.2420703125 0.4409049773755656 0.014453125000000011 0.06538461538461533
1 0.56689453125 0.43552036199095023 0.013896484375000018 0.061764705882352965
1 0.313720703125 0.4386425339366516 0.013535156250000013 0.06126696832579182
1 0.385986328125 0.43723981900452485 0.013164062500000018 0.05850678733031677
1 0.67529296875 0.42959276018099546 0.012871093750000062 0.06294117647058822
1 0.13220703125 0.44176470588235295 0.014384765625000018 0.058959276018099555
1 0.35009765625 0.43723981900452485 0.013632812500000036 0.0587330316742081
1 0.5302734375 0.4309954751131222 0.017041015625000044 0.07262443438914032
1 0.78515625 0.40638009049773754 0.015253906249999893 0.07683257918552032
1 0.9306640625 0.4013122171945701 0.012529296874999929 0.06438914027149317
1 0.64013671875 0.42787330316742084 0.013427734375 0.06416289592760184
1 0.27734375 0.440316742081448 0.017578125 0.07117647058823524
1 0.203857421875 0.44484162895927604 0.016025390625000024 0.06719457013574658
1 0.09619140625 0.442579185520362 0.015019531249999996 0.060090497737556564
1 0.168212890625 0.44429864253393664 0.016220703125000013 0.06343891402714937
1 0.8203125 0.4182805429864253 0.013798828125000107 0.06054298642533935
1 0.059111328125 0.44429864253393664 0.015781249999999997 0.06271493212669689
1 0.89404296875 0.4058371040723982 0.014902343749999991 0.06665158371040719
1 0.67578125 0.5990045248868778 0.015361328125000018 0.07176470588235301
1 0.167236328125 0.6363348416289593 0.012822265624999996 0.05696832579185509
1 0.385498046875 0.6233031674208145 0.014501953125000022 0.06570135746606326
1 0.494873046875 0.620497737556561 0.014179687499999982 0.06466063348416298
1 0.422119140625 0.43778280542986425 0.011113281249999996 0.055837104072398204
1 0.53076171875 0.6063348416289592 0.015361328125000018 0.07280542986425328
1 0.058232421875 0.6255656108597285 0.016093750000000004 0.07683257918552044
1 0.349609375 0.618235294117647 0.016582031250000018 0.08235294117647053
1 0.13123046875 0.6352036199095022 0.014228515624999993 0.06271493212669689
1 0.240478515625 0.619366515837104 0.016025390625000024 0.0829864253393664
1 0.74951171875 0.6018099547511312 0.013896484375000018 0.07262443438914032
1 0.27685546875 0.6323529411764706 0.013632812500000036 0.06570135746606326
1 0.4580078125 0.6080542986425339 0.015673828124999956 0.07488687782805435
1 0.64013671875 0.6040723981900452 0.015302734375000071 0.0700904977375566
1 0.423095703125 0.619366515837104 0.014951171874999947 0.07199095022624445
1 0.71240234375 0.4182805429864253 0.01553710937500008 0.07751131221719455
1 0.31298828125 0.6340723981900452 0.013798828124999996 0.06316742081447954
1 0.203369140625 0.6334841628959276 0.014335937500000007 0.06393665158371038
1 0.0941796875 0.6374660633484163 0.013583984374999997 0.060995475113122255
1 0.6044921875 0.42959276018099546 0.013535156249999902 0.06081447963800904
1 0.5673828125 0.6012669683257919 0.015673828124999956 0.07425339366515848
1 0.857421875 0.41375565610859727 0.013955078124999964 0.05941176470588233