1 0.7802734375 0.5990045248868778 0.01473632812499992 0.07230769230769239
1 0.92626953125 0.5922171945701358 0.01595703124999992 0.08235294117647053
1 0.85302734375 0.5972850678733032 0.014902343749999991 0.07312217194570148
1 0.74365234375 0.5972850678733032 0.014667968749999982 0.06877828054298638
1 0.70751953125 0.5961538461538461 0.014951171874999947 0.07090497737556568
1 0.81591796875 0.5995475113122172 0.01578125000000008 0.07515837104072404
1 0.88916015625 0.5944796380090498 0.01571289062499992 0.07751131221719455
1 0.67138671875 0.5990045248868778 0.015078125000000053 0.06619909502262442
1 0.489501953125 0.6069230769230769 0.015488281250000013 0.07067873303167423
1 0.525390625 0.5995475113122172 0.015605468750000018 0.06986425339366514
1 0.56201171875 0.6001357466063348 0.014951171874999947 0.06488687782805419
1 0.416748046875 0.6085972850678733 0.01578124999999997 0.07262443438914032
1 0.3076171875 0.614841628959276 0.015429687499999956 0.07683257918552044
1 0.380615234375 0.6097285067873304 0.015488281250000013 0.07262443438914032
1 0.453369140625 0.6046606334841629 0.015898437499999973 0.0700904977375566
1 0.271728515625 0.618235294117647 0.01571289062500003 0.08018099547511325
1 0.198486328125 0.620497737556561 0.015429687500000011 0.07927601809954743
1 0.634765625 0.5978733031674208 0.015019531250000107 0.06696832579185526
1 0.34326171875 0.6142533936651584 0.015253906250000004 0.07312217194570148
1 0.23474609375 0.618235294117647 0.015898437499999973 0.07990950226244355
1 0.779296875 0.42334841628959274 0.015078125000000053 0.07199095022624433
1 0.74267578125 0.4256108597285068 0.015126953125000009 0.07366515837104073
1 0.162353515625 0.6233031674208145 0.016093750000000018 0.08018099547511325
1 0.162724609375 0.4504977375565611 0.014287109374999996 0.06393665158371038
1 0.45361328125 0.43497737556561084 0.017304687500000027 0.08271493212669684
1 0.5986328125 0.6001357466063348 0.015019531250000107 0.0643891402714933
1 0.3076171875 0.44429864253393664 0.013955078124999964 0.06036199095022626
1 0.70654296875 0.4228054298642534 0.015078125000000053 0.07683257918552032
1 0.271728515625 0.440316742081448 0.016162109374999956 0.07457013574660629
1 0.199462890625 0.44484162895927604 0.016279296875000016 0.07366515837104073
1 0.9248046875 0.4210859728506787 0.014287109375000107 0.06642533936651587
1 0.053408203125 0.6199095022624435 0.015781249999999997 0.07488687782805435
1 0.48974609375 0.43497737556561084 0.016660156249999947 0.08271493212669684
1 0.380615234375 0.4409049773755656 0.013740234375000049 0.06294117647058822
1 0.235234375 0.442579185520362 0.016582031250000018 0.07393665158371042
1 0.344482421875 0.44176470588235295 0.013691406249999982 0.061764705882352965
1 0.88818359375 0.42194570135746606 0.013847656250000062 0.06488687782805432
1 0.52587890625 0.4323981900452489 0.016464843749999902 0.07927601809954755
1 0.85205078125 0.4256108597285068 0.013896484375000018 0.06538461538461533
1 0.090087890625 0.4488235294117647 0.013798828124999996 0.06271493212669689
1 0.090087890625 0.6238914027149322 0.01560546874999999 0.08235294117647053
1 0.125732421875 0.6238914027149322 0.016025390625000024 0.08117647058823528
1 0.1268359375 0.4479638009049774 0.014228515624999993 0.06592760180995472
1 0.81494140625 0.4309954751131222 0.01400390624999992 0.06294117647058822
1 0.6337890625 0.4332579185520362 0.014453124999999956 0.0636651583710407
1 0.67041015625 0.43552036199095023 0.013535156249999902 0.06294117647058822
1 0.5615234375 0.4409049773755656 0.015126953125000009 0.06592760180995472
1 0.4169921875 0.4434389140271493 0.014736328125000031 0.06488687782805432
1 0.053798828125 0.4527601809954751 0.014287109374999996 0.06126696832579182
1 0.59765625 0.4323981900452489 0.014062500000000089 0.06466063348416286