1 0.45458984375 0.4409049773755656 0.016337890625000018 0.08384615384615385
1 0.74462890625 0.4309954751131222 0.015126953125000009 0.07515837104072404
1 0.52783203125 0.6108597285067874 0.01595703124999992 0.07778280542986424
1 0.92724609375 0.6040723981900452 0.01627929687500007 0.0876018099547512
1 0.78076171875 0.42787330316742084 0.015253906249999893 0.07656108597285075
1 0.708984375 0.43013574660633486 0.014902343749999991 0.07751131221719455
1 0.85498046875 0.6063348416289592 0.015019531250000107 0.08271493212669671
1 0.67333984375 0.6091855203619909 0.01571289062499992 0.07683257918552044
1 0.74560546875 0.6097285067873304 0.015302734375000071 0.0786877828054298
1 0.56396484375 0.6114479638009049 0.015898437499999973 0.07488687782805435
1 0.7099609375 0.6097285067873304 0.015078125000000053 0.07425339366515848
1 0.8916015625 0.6052036199095022 0.015185546874999956 0.08334841628959283
1 0.85302734375 0.4341176470588235 0.013476562499999956 0.058959276018099555
1 0.7822265625 0.6119909502262444 0.015126953125000009 0.08235294117647053
1 0.67138671875 0.4434389140271493 0.013798828125000107 0.06316742081447968
1 0.381591796875 0.4527601809954751 0.013378906250000044 0.06054298642533935
1 0.92578125 0.4242081447963801 0.014619140625000027 0.06515837104072401
1 0.5625 0.449683257918552 0.013896484375000018 0.06221719457013575
1 0.30859375 0.45533936651583706 0.014003906250000031 0.06081447963800904
1 0.2734375 0.44429864253393664 0.017041015625000044 0.08561085972850686
1 0.199833984375 0.449683257918552 0.016220703125000013 0.07280542986425341
1 0.34521484375 0.45194570135746603 0.013222656249999964 0.060090497737556564
1 0.490966796875 0.440316742081448 0.01530273437499996 0.08895927601809953
1 0.52734375 0.4395022624434389 0.015673828124999956 0.08361990950226239
1 0.60009765625 0.6108597285067874 0.01571289062499992 0.07425339366515848
1 0.09185546875 0.6318099547511312 0.01640625000000001 0.09085972850678725
1 0.5986328125 0.442579185520362 0.013378906250000044 0.06036199095022626
1 0.818359375 0.6080542986425339 0.015839843750000027 0.08542986425339365
1 0.491455078125 0.61710407239819 0.015898437499999973 0.08171945701357466
1 0.05572265625 0.6306787330316742 0.016279296875000016 0.08144796380090498
1 0.235966796875 0.4488235294117647 0.015302734375000016 0.07312217194570134
1 0.63623046875 0.6091855203619909 0.01578125000000008 0.07628959276018106
1 0.128056640625 0.4561538461538462 0.013330078124999978 0.05828054298642532
1 0.418701171875 0.618235294117647 0.016337890625000018 0.08411764705882342
1 0.23681640625 0.6278280542986425 0.015712890624999976 0.08746606334841622
1 0.382568359375 0.619366515837104 0.016982421874999987 0.08773755656108591
1 0.455322265625 0.61710407239819 0.016845703125 0.08361990950226253
1 0.8896484375 0.42733031674208144 0.013955078124999964 0.06343891402714937
1 0.309814453125 0.6233031674208145 0.016093750000000018 0.08945701357466056
1 0.634765625 0.440316742081448 0.01400390624999992 0.06393665158371038
1 0.20068359375 0.6278280542986425 0.016025390625000024 0.08773755656108591
1 0.345947265625 0.6238914027149322 0.016337890625000018 0.08746606334841622
1 0.41845703125 0.45194570135746603 0.014736328125000031 0.06619909502262442
1 0.2734375 0.6250226244343892 0.01627929687499996 0.08999999999999994
1 0.0913671875 0.4561538461538462 0.013027343750000003 0.055837104072398204
1 0.81640625 0.43497737556561084 0.014111328125000044 0.06294117647058822
1 0.128173828125 0.6323529411764706 0.015898437499999973 0.08882352941176469
1 0.164306640625 0.45533936651583706 0.01395507812500002 0.06054298642533935
1 0.164306640625 0.6329411764705882 0.016220703125000013 0.08574660633484157
1 0.0546875 0.4592760180995475 0.013632812500000008 0.05669683257918553