1 0.074951171875 0.44900452488687786 0.014345703124999998 0.06470588235294122
1 0.509765625 0.43221719457013574 0.01806640625 0.09886877828054295
1 0.58259765625 0.43013574660633486 0.01473632812499992 0.07117647058823524
1 0.074912109375 0.6238461538461538 0.014882812500000009 0.07787330316742072
1 0.32916015625 0.43918552036199093 0.013798828124999996 0.0657013574660634
1 0.47505859375 0.6054298642533937 0.016503906249999978 0.0959276018099547
1 0.111494140625 0.6250678733031674 0.015527343750000006 0.08742081447963798
1 0.51134765625 0.604524886877828 0.01674804687500009 0.096923076923077
1 0.184052734375 0.6234389140271493 0.016728515624999996 0.09158371040723987
1 0.836015625 0.4124886877828054 0.011777343749999947 0.05393665158371035
1 0.220634765625 0.6216289592760181 0.015078124999999998 0.07542986425339374
1 0.3293359375 0.6133484162895928 0.01570312500000004 0.08828054298642529
1 0.29234375 0.6163800904977376 0.015263671874999996 0.09072398190045254
1 0.14701171875 0.6242081447963801 0.015810546874999998 0.0842533936651584
1 0.256689453125 0.6189140271493213 0.015888671874999982 0.09027149321266963
1 0.111455078125 0.44176470588235295 0.012333984374999996 0.054162895927601803
1 0.293212890625 0.4341176470588235 0.01595703125000003 0.06904977375565607
1 0.25634765625 0.4386425339366516 0.014062499999999978 0.06316742081447968
1 0.14783203125 0.442579185520362 0.012968749999999973 0.05438914027149326
1 0.18359375 0.4409049773755656 0.01395507812500002 0.060090497737556564
1 0.365478515625 0.4323981900452489 0.013798828124999996 0.06343891402714937
1 0.220458984375 0.43723981900452485 0.015488281250000013 0.06538461538461533
1 0.87353515625 0.40271493212669685 0.013896484375000018 0.06642533936651587
1 0.401123046875 0.43497737556561084 0.012382812499999951 0.059185520361991005
1 0.65478515625 0.4210859728506787 0.013955078124999964 0.06221719457013575
1 0.76416015625 0.40923076923076923 0.016162109374999956 0.07457013574660629
1 0.5478515625 0.4210859728506787 0.01692382812499993 0.08334841628959283
1 0.9462890625 0.39705882352941174 0.012148437500000053 0.05737556561085976
1 0.437255859375 0.43778280542986425 0.012333984374999996 0.058054298642533995
1 0.947265625 0.5746606334841629 0.017109374999999982 0.0866063348416289
1 0.728515625 0.4072398190045249 0.01602539062500008 0.0757013574660633
1 0.47412109375 0.4256108597285068 0.01578124999999997 0.08081447963800911
1 0.7646484375 0.5933484162895928 0.012724609374999973 0.06149321266968315
1 0.80078125 0.40271493212669685 0.017041015625000044 0.07990950226244342
1 0.619140625 0.4205429864253394 0.014335937500000062 0.06619909502262442
1 0.69091796875 0.4086425339366516 0.016162109374999956 0.07656108597285075
1 0.54736328125 0.5927601809954751 0.016220703124999902 0.0784162895927601
1 0.9091796875 0.39 0.01578125000000008 0.0784162895927601
1 0.40283203125 0.612579185520362 0.015253906250000004 0.07515837104072404
1 0.58349609375 0.5944796380090498 0.01553710937500008 0.07312217194570148
1 0.837890625 0.5871040723981901 0.014287109375000107 0.07990950226244355
1 0.438720703125 0.6023981900452489 0.01571289062500003 0.08018099547511325
1 0.36669921875 0.6091855203619909 0.01627929687499996 0.08710407239819004
1 0.6201171875 0.5927601809954751 0.01571289062499992 0.07312217194570148
1 0.728515625 0.5933484162895928 0.013896484375000018 0.0700904977375566
1 0.91064453125 0.5927601809954751 0.013896484375000018 0.06538461538461533
1 0.6923828125 0.5922171945701358 0.014951171874999947 0.07425339366515848
1 0.87353515625 0.5910859728506788 0.014902343749999991 0.07199095022624445
1 0.8017578125 0.5961538461538461 0.015078125000000053 0.07312217194570148
1 0.65576171875 0.5927601809954751 0.015302734375000071 0.07149321266968331