1 0.4921875 0.440316742081448 0.01571289062499992 0.08429864253393662
1 0.455810546875 0.43638009049773757 0.01602539062499997 0.08334841628959283
1 0.927734375 0.5972850678733032 0.016582031250000018 0.07927601809954743
1 0.56396484375 0.6040723981900452 0.015302734375000071 0.06828054298642523
1 0.78271484375 0.6046606334841629 0.014902343749999991 0.07488687782805435
1 0.70947265625 0.6023981900452489 0.015185546874999956 0.07149321266968331
1 0.63671875 0.6046606334841629 0.014951171874999947 0.06877828054298638
1 0.455322265625 0.6069230769230769 0.01627929687499996 0.07280542986425328
1 0.81884765625 0.5995475113122172 0.01553710937500008 0.0786877828054298
1 0.60107421875 0.6035294117647059 0.014785156250000098 0.06488687782805419
1 0.67333984375 0.6046606334841629 0.014785156250000098 0.06850678733031668
1 0.85546875 0.6012669683257919 0.014667968749999982 0.07199095022624445
1 0.5283203125 0.4323981900452489 0.015185546874999956 0.08588235294117642
1 0.52734375 0.6035294117647059 0.015839843750000027 0.07199095022624445
1 0.273681640625 0.440316742081448 0.01652343749999996 0.07805429864253394
1 0.2734375 0.6199095022624435 0.016093750000000018 0.08018099547511325
1 0.419189453125 0.6119909502262444 0.01627929687499996 0.07312217194570148
1 0.8916015625 0.5995475113122172 0.015898437499999973 0.0736651583710406
1 0.67236328125 0.4409049773755656 0.013378906250000044 0.06199095022624429
1 0.1287890625 0.6250226244343892 0.015712890624999976 0.07751131221719455
1 0.38330078125 0.6142533936651584 0.016162109374999956 0.07542986425339374
1 0.2010546875 0.4479638009049774 0.016660156250000002 0.07656108597285075
1 0.201298828125 0.6216289592760181 0.016279296875000016 0.08018099547511325
1 0.164794921875 0.6255656108597285 0.01640625000000001 0.0786877828054298
1 0.491455078125 0.6091855203619909 0.01692382812500004 0.07570135746606343
1 0.7099609375 0.42733031674208144 0.015078125000000053 0.07393665158371042
1 0.346435546875 0.61710407239819 0.016220703125000013 0.07805429864253394
1 0.59912109375 0.44176470588235295 0.012968749999999973 0.059185520361991005
1 0.7822265625 0.4256108597285068 0.015898437499999973 0.07488687782805435
1 0.6357421875 0.43723981900452485 0.013330078125000089 0.06515837104072401
1 0.31005859375 0.619366515837104 0.016220703125000013 0.0786877828054298
1 0.346435546875 0.447420814479638 0.013271484375000031 0.059185520361991005
1 0.092529296875 0.6255656108597285 0.016279296875000016 0.07805429864253394
1 0.310302734375 0.44656108597285066 0.013583984374999969 0.06099547511312212
1 0.8544921875 0.42787330316742084 0.013896484375000018 0.0657013574660634
1 0.419189453125 0.4479638009049774 0.013164062500000018 0.06054298642533935
1 0.74609375 0.6035294117647059 0.014287109375000107 0.06828054298642523
1 0.74560546875 0.42787330316742084 0.015078125000000053 0.07067873303167423
1 0.23779296875 0.620497737556561 0.016845703125 0.08018099547511325
1 0.38330078125 0.44656108597285066 0.013798828124999996 0.06294117647058822
1 0.890625 0.4256108597285068 0.014287109375000107 0.06416289592760184
1 0.23828125 0.44484162895927604 0.015781250000000024 0.07117647058823524
1 0.164921875 0.45533936651583706 0.013476562500000011 0.06081447963800904
1 0.9267578125 0.42194570135746606 0.014667968749999982 0.06696832579185526
1 0.5634765625 0.44656108597285066 0.013691406249999982 0.06054298642533935
1 0.129033203125 0.45533936651583706 0.013271484374999976 0.0587330316742081
1 0.8173828125 0.4318552036199095 0.013955078124999964 0.06316742081447968
1 0.0558203125 0.6216289592760181 0.016787109374999998 0.07656108597285075
1 0.09185546875 0.45760180995475114 0.013027343750000003 0.055837104072398204
1 0.056767578125 0.46180995475113124 0.013378906250000003 0.05696832579185522