1 0.53662109375 0.6006787330316742 0.01553710937500008 0.07719457013574661
1 0.5732421875 0.5961538461538461 0.015019531250000107 0.07176470588235301
1 0.6455078125 0.5944796380090498 0.014902343749999991 0.0700904977375566
1 0.53662109375 0.4205429864253394 0.01602539062500008 0.07601809954751136
1 0.75439453125 0.5922171945701358 0.014453124999999956 0.07199095022624445
1 0.60888671875 0.5938914027149321 0.01571289062499992 0.07457013574660641
1 0.5 0.42194570135746606 0.01692382812499993 0.07488687782805435
1 0.572265625 0.4205429864253394 0.015839843750000027 0.07366515837104073
1 0.68212890625 0.5938914027149321 0.015019531250000107 0.07090497737556568
1 0.86376953125 0.5922171945701358 0.014902343749999991 0.0739366515837103
1 0.71875 0.5922171945701358 0.015253906249999893 0.07656108597285075
1 0.7900390625 0.4146153846153846 0.015126953125000009 0.07457013574660629
1 0.245849609375 0.42334841628959274 0.017519531250000053 0.0703619909502263
1 0.97314453125 0.5938914027149321 0.015253906249999893 0.08723981900452477
1 0.319091796875 0.4287330316742081 0.017636718749999947 0.06642533936651587
1 0.209599609375 0.6074660633484162 0.015185546875000011 0.08271493212669671
1 0.464599609375 0.43013574660633486 0.013330078124999978 0.05963800904977379
1 0.75439453125 0.415158371040724 0.014902343749999991 0.07366515837104073
1 0.82666015625 0.41375565610859727 0.015126953125000009 0.07515837104072404
1 0.791015625 0.5927601809954751 0.014902343749999991 0.0703619909502263
1 0.35546875 0.6074660633484162 0.015898437499999973 0.08144796380090498
1 0.499755859375 0.5972850678733032 0.016162109374999956 0.07927601809954743
1 0.136845703125 0.6114479638009049 0.015429687500000011 0.07990950226244355
1 0.42822265625 0.4332579185520362 0.013222656249999964 0.05647058823529407
1 0.427734375 0.6023981900452489 0.01578124999999997 0.08208144796380085
1 0.7177734375 0.4250678733031674 0.01327148437499992 0.058054298642533995
1 0.46435546875 0.6012669683257919 0.015839843750000027 0.08018099547511325
1 0.391845703125 0.6057918552036199 0.01595703125000003 0.07990950226244355
1 0.17333984375 0.6103167420814479 0.015605468750000018 0.08208144796380085
1 0.60888671875 0.42959276018099546 0.014062500000000089 0.059185520361991005
1 0.28271484375 0.6085972850678733 0.015673828124999956 0.08334841628959283
1 0.82763671875 0.5871040723981901 0.015126953125000009 0.08208144796380085
1 0.1737109375 0.43013574660633486 0.013164062500000018 0.05520361990950221
1 0.318603515625 0.6063348416289592 0.015898437499999973 0.08588235294117655
1 0.282958984375 0.42733031674208144 0.01652343749999996 0.06416289592760184
1 0.8994140625 0.4188235294117647 0.013427734375 0.061764705882352965
1 0.245849609375 0.6091855203619909 0.015253906250000004 0.08171945701357466
1 0.210576171875 0.43013574660633486 0.012626953125000007 0.05520361990950221
1 0.101259765625 0.6080542986425339 0.016523437500000016 0.08054298642533941
1 0.35546875 0.4287330316742081 0.013691406249999982 0.05737556561085976
1 0.64501953125 0.4264705882352941 0.013740234374999938 0.05963800904977379
1 0.68115234375 0.42334841628959274 0.013476562499999956 0.05669683257918553
1 0.3916015625 0.4264705882352941 0.013330078124999978 0.05850678733031677
1 0.93701171875 0.5882352941176471 0.015898437499999973 0.08723981900452477
1 0.97119140625 0.4100904977375565 0.014228515624999938 0.061764705882352965
1 0.137578125 0.43013574660633486 0.013535156250000013 0.05628959276018099
1 0.900390625 0.5967420814479638 0.014843750000000044 0.07262443438914032
1 0.101259765625 0.4332579185520362 0.01369140625000001 0.05502262443438913
1 0.93603515625 0.4146153846153846 0.012919921875000018 0.059185520361991005
1 0.8623046875 0.41968325791855204 0.013691406249999982 0.05850678733031677