1 0.056337890625 0.43552036199095023 0.014785156249999987 0.06466063348416286
1 0.34765625 0.43497737556561084 0.013896484375000018 0.061764705882352965
1 0.3837890625 0.43497737556561084 0.014335937499999951 0.06199095022624429
1 0.202275390625 0.4386425339366516 0.017246093750000024 0.07366515837104073
1 0.31103515625 0.43552036199095023 0.014335937499999951 0.06316742081447968
1 0.783203125 0.5871040723981901 0.014902343749999991 0.0674660633484164
1 0.78271484375 0.4146153846153846 0.01473632812499992 0.07262443438914032
1 0.63671875 0.4264705882352941 0.014287109375000107 0.06054298642533935
1 0.56494140625 0.5944796380090498 0.015126953125000009 0.06343891402714924
1 0.74609375 0.417420814479638 0.015019531250000107 0.0703619909502263
1 0.92822265625 0.5888235294117646 0.016093750000000018 0.06927601809954752
1 0.60009765625 0.4250678733031674 0.013798828125000107 0.0624434389140272
1 0.492919921875 0.4287330316742081 0.016845703125 0.08144796380090498
1 0.274658203125 0.42959276018099546 0.016220703125000013 0.07542986425339374
1 0.456298828125 0.42733031674208144 0.01692382812500004 0.07927601809954755
1 0.63720703125 0.5938914027149321 0.015126953125000009 0.06271493212669689
1 0.7470703125 0.5865610859728506 0.014902343749999991 0.06719457013574671
1 0.892578125 0.5882352941176471 0.015673828124999956 0.06850678733031668
1 0.60107421875 0.5938914027149321 0.015605468750000018 0.0636651583710407
1 0.166015625 0.4386425339366516 0.013896484375000018 0.06126696832579182
1 0.56494140625 0.4287330316742081 0.014619140625000027 0.06619909502262442
1 0.81787109375 0.4210859728506787 0.013535156249999902 0.06343891402714937
1 0.238408203125 0.4318552036199095 0.016582031250000018 0.07312217194570134
1 0.310791015625 0.6046606334841629 0.014843750000000044 0.06343891402714924
1 0.7109375 0.4188235294117647 0.015078125000000053 0.0700904977375566
1 0.346435546875 0.6006787330316742 0.015185546874999956 0.06570135746606326
1 0.81884765625 0.5893665158371041 0.014902343749999991 0.06828054298642523
1 0.492431640625 0.5978733031674208 0.015185546874999956 0.06316742081447954
1 0.456298828125 0.5995475113122172 0.01627929687499996 0.0636651583710407
1 0.3837890625 0.6023981900452489 0.014951171874999947 0.0636651583710407
1 0.673828125 0.5904977375565611 0.014335937500000062 0.06393665158371038
1 0.419921875 0.6001357466063348 0.015839843750000027 0.06343891402714924
1 0.20154296875 0.6080542986425339 0.015302734375000016 0.06796380090497729
1 0.2381640625 0.6069230769230769 0.015605468750000018 0.06719457013574671
1 0.274658203125 0.6052036199095022 0.01530273437499996 0.06570135746606326
1 0.52880859375 0.4256108597285068 0.016220703124999902 0.07683257918552032
1 0.52783203125 0.5961538461538461 0.01578125000000008 0.0624434389140272
1 0.165166015625 0.6091855203619909 0.016279296875000016 0.06828054298642523
1 0.67333984375 0.4264705882352941 0.014287109375000107 0.06538461538461533
1 0.71044921875 0.5888235294117646 0.014501953124999911 0.06488687782805419
1 0.85595703125 0.4250678733031674 0.013476562499999956 0.06416289592760184
1 0.129765625 0.43497737556561084 0.013691406249999982 0.06199095022624429
1 0.09234375 0.6153846153846154 0.015537109374999997 0.06796380090497729
1 0.093017578125 0.43552036199095023 0.013330078125000006 0.058959276018099555
1 0.8916015625 0.4160180995475113 0.013955078124999964 0.06199095022624429
1 0.9267578125 0.41149321266968325 0.014335937500000062 0.06719457013574658
1 0.1287890625 0.612579185520362 0.015078124999999998 0.06488687782805419
1 0.419677734375 0.43638009049773757 0.014560546874999969 0.06294117647058822
1 0.85595703125 0.5899547511312216 0.014179687499999982 0.06515837104072388
1 0.056767578125 0.6080542986425339 0.0165234375 0.07683257918552044