1 0.7451171875 0.3936651583710407 0.01553710937500008 0.07683257918552032
1 0.890625 0.5633484162895928 0.016093750000000018 0.0739366515837103
1 0.23669921875 0.5972850678733032 0.016025390625000024 0.08171945701357466
1 0.9267578125 0.560814479638009 0.016982421875000098 0.07719457013574661
1 0.7451171875 0.5695927601809955 0.015019531250000107 0.07488687782805435
1 0.127685546875 0.6046606334841629 0.015605468750000018 0.08054298642533941
1 0.236572265625 0.4205429864253394 0.017441406250000013 0.07393665158371042
1 0.491455078125 0.580316742081448 0.015605468750000018 0.07425339366515848
1 0.52685546875 0.41375565610859727 0.016464843749999902 0.07751131221719455
1 0.67236328125 0.5755203619909502 0.014951171874999947 0.0700904977375566
1 0.78076171875 0.39226244343891403 0.015839843750000027 0.07628959276018106
1 0.2724609375 0.4182805429864253 0.016787109375000053 0.07542986425339374
1 0.091064453125 0.42787330316742084 0.013583984374999997 0.06054298642533935
1 0.490478515625 0.417420814479638 0.015898437499999973 0.07656108597285075
1 0.59814453125 0.4100904977375565 0.014111328125000044 0.06343891402714937
1 0.2001953125 0.4242081447963801 0.016923828124999984 0.07262443438914032
1 0.16357421875 0.6023981900452489 0.015957031249999976 0.07927601809954743
1 0.63623046875 0.5735294117647058 0.015839843750000027 0.0700904977375566
1 0.70849609375 0.5709954751131222 0.014667968749999982 0.0736651583710406
1 0.52734375 0.5780542986425339 0.01578125000000008 0.07117647058823538
1 0.7080078125 0.39990950226244343 0.015488281249999902 0.07457013574660629
1 0.78173828125 0.5692760180995475 0.015078125000000053 0.07425339366515848
1 0.453857421875 0.41375565610859727 0.016162109374999956 0.0784162895927601
1 0.81787109375 0.5687330316742082 0.015605468750000018 0.0736651583710406
1 0.454833984375 0.5831674208144796 0.016660156249999947 0.07488687782805435
1 0.054814453125 0.43013574660633486 0.014287109374999996 0.06054298642533935
1 0.2734375 0.5956108597285068 0.015673828124999956 0.08348416289592756
1 0.345703125 0.5910859728506788 0.015673828124999956 0.07683257918552044
1 0.599609375 0.5746606334841629 0.01578125000000008 0.07262443438914032
1 0.199951171875 0.6006787330316742 0.015605468750000018 0.07990950226244355
1 0.92529296875 0.3832126696832579 0.014843750000000044 0.06719457013574658
1 0.5634765625 0.5780542986425339 0.015253906249999893 0.06927601809954752
1 0.1278125 0.42787330316742084 0.013583984375000024 0.06343891402714937
1 0.85400390625 0.565339366515837 0.015361328125000018 0.07199095022624445
1 0.091552734375 0.6097285067873304 0.015712890625000003 0.07656108597285075
1 0.164306640625 0.43013574660633486 0.014228515624999993 0.0657013574660634
1 0.381591796875 0.4205429864253394 0.013632812500000036 0.06696832579185526
1 0.634765625 0.4078280542986425 0.014453124999999956 0.06488687782805432
1 0.34521484375 0.4210859728506787 0.014228515625000049 0.06416289592760184
1 0.308837890625 0.42334841628959274 0.014384765625000018 0.0657013574660634
1 0.41845703125 0.5859728506787331 0.015839843750000027 0.07425339366515848
1 0.38134765625 0.5922171945701358 0.015673828124999956 0.07457013574660641
1 0.054990234375 0.6052036199095022 0.016220703125000013 0.07656108597285075
1 0.41748046875 0.41968325791855204 0.01571289062500003 0.06927601809954752
1 0.3095703125 0.5956108597285068 0.016728515624999996 0.08208144796380085
1 0.853515625 0.3908597285067873 0.014062500000000089 0.06393665158371038
1 0.81591796875 0.39705882352941174 0.014179687499999982 0.061764705882352965
1 0.67138671875 0.4100904977375565 0.014062500000000089 0.06538461538461533
1 0.56201171875 0.4165610859728507 0.014785156250000098 0.06488687782805432
1 0.88916015625 0.3860180995475113 0.014335937500000062 0.06343891402714937