1 0.7080078125 0.4250678733031674 0.015126953125000009 0.06877828054298638
1 0.744140625 0.4242081447963801 0.015019531250000107 0.06927601809954752
1 0.52685546875 0.4332579185520362 0.015898437499999973 0.07778280542986424
1 0.0544140625 0.618235294117647 0.01633789062499999 0.06927601809954752
1 0.7802734375 0.4205429864253394 0.014619140625000027 0.07090497737556556
1 0.45361328125 0.4332579185520362 0.016845703125 0.0784162895927601
1 0.89013671875 0.5933484162895928 0.015429687499999956 0.06904977375565607
1 0.599609375 0.5995475113122172 0.014951171874999947 0.0624434389140272
1 0.5634765625 0.6001357466063348 0.014785156250000098 0.06538461538461533
1 0.45361328125 0.6023981900452489 0.015361328125000018 0.06592760180995472
1 0.6357421875 0.5995475113122172 0.01553710937500008 0.06488687782805419
1 0.78076171875 0.5995475113122172 0.015429687499999956 0.07117647058823538
1 0.344970703125 0.6080542986425339 0.01530273437499996 0.06796380090497729
1 0.490478515625 0.43723981900452485 0.016406249999999956 0.0784162895927601
1 0.671875 0.5972850678733032 0.015019531250000107 0.06271493212669689
1 0.85400390625 0.5950226244343891 0.01473632812499992 0.06796380090497729
1 0.81787109375 0.5972850678733032 0.01553710937500008 0.07176470588235301
1 0.2724609375 0.6119909502262444 0.015253906250000004 0.06877828054298638
1 0.67138671875 0.43497737556561084 0.01327148437499992 0.06054298642533935
1 0.381591796875 0.6046606334841629 0.015185546874999956 0.06719457013574671
1 0.272705078125 0.4386425339366516 0.016845703125 0.07990950226244342
1 0.74462890625 0.5961538461538461 0.014951171874999947 0.06796380090497729
1 0.5263671875 0.5995475113122172 0.015673828124999956 0.06719457013574671
1 0.200078125 0.44176470588235295 0.016582031250000018 0.07230769230769227
1 0.381591796875 0.4434389140271493 0.013066406249999996 0.058054298642533995
1 0.199462890625 0.614841628959276 0.015712890624999976 0.0703619909502263
1 0.88916015625 0.4182805429864253 0.014228515624999938 0.06054298642533935
1 0.3447265625 0.44429864253393664 0.01277343750000004 0.057149321266968305
1 0.2362109375 0.6119909502262444 0.015488281250000013 0.07090497737556568
1 0.708984375 0.5956108597285068 0.015185546874999956 0.0643891402714933
1 0.5986328125 0.4341176470588235 0.013222656249999964 0.059185520361991005
1 0.30908203125 0.6103167420814479 0.01530273437499996 0.06927601809954752
1 0.0902734375 0.6187782805429864 0.0158984375 0.0700904977375566
1 0.853515625 0.4256108597285068 0.013691406249999982 0.06199095022624429
1 0.92724609375 0.5859728506787331 0.01627929687500007 0.07628959276018106
1 0.81591796875 0.4264705882352941 0.01400390624999992 0.06081447963800904
1 0.92578125 0.415158371040724 0.014228515624999938 0.06343891402714937
1 0.1630859375 0.619366515837104 0.015898437499999973 0.06904977375565607
1 0.127568359375 0.6187782805429864 0.015253906250000004 0.06850678733031668
1 0.49072265625 0.6018099547511312 0.01627929687499996 0.0677375565610861
1 0.634765625 0.4332579185520362 0.013798828125000107 0.0624434389140272
1 0.5625 0.440316742081448 0.013896484375000018 0.06099547511312212
1 0.418212890625 0.6023981900452489 0.016464843750000013 0.06796380090497729
1 0.308837890625 0.44484162895927604 0.013583984374999969 0.058959276018099555
1 0.1279296875 0.4488235294117647 0.012626953125000007 0.05696832579185522
1 0.237060546875 0.44176470588235295 0.018876953124999984 0.07751131221719455
1 0.418212890625 0.44484162895927604 0.014111328125000044 0.06221719457013575
1 0.16345703125 0.449683257918552 0.014228515624999993 0.06126696832579182
1 0.0913671875 0.4504977375565611 0.01389648437499999 0.05737556561085976
1 0.0544140625 0.4561538461538462 0.012724609375000001 0.05438914027149326