1 0.055087890625 0.4660633484162896 0.011298828124999993 0.050814479638009
1 0.090087890625 0.4592760180995475 0.012871093750000007 0.05628959276018099
1 0.126953125 0.46013574660633483 0.01322265625000002 0.05606334841628953
1 0.16357421875 0.4584162895927602 0.014335937500000007 0.06126696832579182
1 0.307861328125 0.4561538461538462 0.014062499999999978 0.060090497737556564
1 0.56201171875 0.447420814479638 0.014384765625000018 0.06099547511312212
1 0.34423828125 0.4504977375565611 0.013847656249999951 0.06294117647058822
1 0.92431640625 0.4256108597285068 0.014667968749999982 0.07199095022624433
1 0.88916015625 0.4323981900452489 0.013378906250000044 0.0624434389140272
1 0.8525390625 0.43723981900452485 0.014228515624999938 0.06343891402714937
1 0.41748046875 0.449683257918552 0.015078125000000053 0.06746606334841627
1 0.6708984375 0.4434389140271493 0.014111328125000044 0.06271493212669689
1 0.8154296875 0.43723981900452485 0.014619140625000027 0.06538461538461533
1 0.380859375 0.449683257918552 0.014560546874999969 0.06488687782805432
1 0.199462890625 0.45533936651583706 0.016025390625000024 0.06773755656108597
1 0.235234375 0.4513574660633484 0.016220703125000013 0.07149321266968331
1 0.59814453125 0.43778280542986425 0.014843750000000044 0.06488687782805432
1 0.63427734375 0.440316742081448 0.015253906249999893 0.06619909502262442
1 0.053984375 0.6266968325791855 0.015605468750000004 0.07176470588235301
1 0.77978515625 0.43013574660633486 0.015253906249999893 0.0789592760180995
1 0.59912109375 0.6074660633484162 0.015078125000000053 0.06221719457013575
1 0.744140625 0.4386425339366516 0.014951171874999947 0.07339366515837104
1 0.88916015625 0.6035294117647059 0.015302734375000071 0.0736651583710406
1 0.70751953125 0.4341176470588235 0.014785156250000098 0.0757013574660633
1 0.127080078125 0.6295475113122172 0.015429687500000011 0.07339366515837116
1 0.5625 0.6085972850678733 0.01571289062499992 0.06570135746606326
1 0.09076171875 0.6289592760180995 0.015302734374999988 0.08018099547511325
1 0.92626953125 0.6035294117647059 0.016220703124999902 0.07990950226244355
1 0.7080078125 0.6069230769230769 0.014902343749999991 0.06696832579185526
1 0.5263671875 0.440316742081448 0.01627929687500007 0.08081447963800911
1 0.272216796875 0.44656108597285066 0.016728515624999996 0.07778280542986424
1 0.453857421875 0.6114479638009049 0.015898437499999973 0.0700904977375566
1 0.67138671875 0.6080542986425339 0.014667968749999982 0.06619909502262442
1 0.85302734375 0.6063348416289592 0.015429687499999956 0.07425339366515848
1 0.5263671875 0.6080542986425339 0.01553710937500008 0.06796380090497729
1 0.1623046875 0.630633484162896 0.015048828125000024 0.06932126696832576
1 0.272216796875 0.6233031674208145 0.015673828124999956 0.07959276018099536
1 0.23583984375 0.6221719457013575 0.015361328125000018 0.07805429864253394
1 0.198857421875 0.6250226244343892 0.016279296875000016 0.08117647058823528
1 0.78076171875 0.6097285067873304 0.015253906249999893 0.07542986425339374
1 0.344482421875 0.6187782805429864 0.015537109374999969 0.07751131221719455
1 0.381103515625 0.6165158371040724 0.015537109374999969 0.07339366515837116
1 0.417236328125 0.6165158371040724 0.01602539062499997 0.07230769230769239
1 0.30859375 0.6187782805429864 0.015126953125000009 0.07719457013574661
1 0.490478515625 0.6103167420814479 0.015537109374999969 0.06927601809954752
1 0.74462890625 0.6074660633484162 0.014902343749999991 0.07149321266968331
1 0.490234375 0.44429864253393664 0.016337890625000018 0.08171945701357466
1 0.453857421875 0.442579185520362 0.01724609374999997 0.08334841628959283
1 0.81689453125 0.6085972850678733 0.015253906249999893 0.07488687782805435
1 0.634765625 0.6074660633484162 0.015253906249999893 0.06570135746606326