1 0.202275390625 0.6165158371040724 0.016025390625000024 0.0829864253393664
1 0.239345703125 0.6110407239819005 0.015712890624999976 0.08018099547511298
1 0.166630859375 0.4434389140271493 0.014785156249999987 0.06343891402714937
1 0.275146484375 0.43638009049773757 0.017636718749999947 0.0700904977375566
1 0.347412109375 0.6085972850678733 0.01571289062500003 0.08054298642533941
1 0.3837890625 0.6095475113122172 0.015361328125000018 0.07959276018099536
1 0.420166015625 0.6023981900452489 0.016220703125000013 0.08117647058823528
1 0.7109375 0.5882352941176471 0.014902343749999991 0.07515837104072404
1 0.5654296875 0.5950226244343891 0.01553710937500008 0.07067873303167423
1 0.60107421875 0.5922171945701358 0.015253906249999893 0.0739366515837103
1 0.67431640625 0.5893665158371041 0.014785156250000098 0.07542986425339374
1 0.274658203125 0.612579185520362 0.01571289062500003 0.08235294117647053
1 0.6376953125 0.5916289592760181 0.015126953125000009 0.07312217194570148
1 0.456298828125 0.6006787330316742 0.015839843750000027 0.07515837104072404
1 0.165654296875 0.620497737556561 0.015712890624999976 0.07927601809954743
1 0.129150390625 0.6176470588235294 0.015712890624999976 0.08081447963800911
1 0.31103515625 0.6103167420814479 0.01571289062500003 0.08171945701357466
1 0.492919921875 0.6023981900452489 0.015839843750000027 0.07656108597285075
1 0.0570703125 0.6165158371040724 0.0158984375 0.07339366515837116
1 0.52880859375 0.5972850678733032 0.014843750000000044 0.07199095022624445
1 0.202392578125 0.4386425339366516 0.01616210937500001 0.0703619909502263
1 0.85595703125 0.5972850678733032 0.014501953124999911 0.06986425339366514
1 0.74609375 0.4123529411764706 0.014902343749999991 0.07117647058823524
1 0.093017578125 0.620497737556561 0.015302734374999988 0.07542986425339374
1 0.783203125 0.4078280542986425 0.015126953125000009 0.07515837104072404
1 0.8193359375 0.5910859728506788 0.015302734375000071 0.08171945701357466
1 0.239501953125 0.43778280542986425 0.01616210937500001 0.06773755656108597
1 0.92919921875 0.5871040723981901 0.016464843749999902 0.09864253393665164
1 0.456298828125 0.4287330316742081 0.01627929687499996 0.07778280542986424
1 0.7470703125 0.5888235294117646 0.015185546874999956 0.07959276018099536
1 0.49267578125 0.42959276018099546 0.016982421875000098 0.07990950226244342
1 0.7109375 0.41289592760180993 0.015078125000000053 0.07149321266968331
1 0.783203125 0.5876923076923076 0.015605468750000018 0.08511312217194571
1 0.52880859375 0.42194570135746606 0.017441406249999902 0.07805429864253394
1 0.892578125 0.583710407239819 0.016162109374999956 0.09226244343891396
1 0.92724609375 0.3993212669683258 0.01456054687500008 0.06343891402714937
1 0.384521484375 0.4395022624434389 0.014619140625000027 0.059864253393665114
1 0.818359375 0.40923076923076923 0.014228515624999938 0.06099547511312212
1 0.67431640625 0.41968325791855204 0.014062500000000089 0.06665158371040719
1 0.6376953125 0.4228054298642534 0.013896484375000018 0.060090497737556564
1 0.34765625 0.43778280542986425 0.014619140625000027 0.06081447963800904
1 0.8916015625 0.40497737556561086 0.014228515624999938 0.06099547511312212
1 0.85595703125 0.4078280542986425 0.013955078124999964 0.0587330316742081
1 0.311279296875 0.4395022624434389 0.014228515625000049 0.06316742081447968
1 0.130615234375 0.4395022624434389 0.014335937500000007 0.061764705882352965
1 0.4208984375 0.43778280542986425 0.014228515625000049 0.06488687782805432
1 0.093994140625 0.4409049773755656 0.01369140625000001 0.061764705882352965
1 0.60107421875 0.4242081447963801 0.01456054687500008 0.060090497737556564
1 0.56494140625 0.4287330316742081 0.014843750000000044 0.06416289592760184
1 0.058349609375 0.4434389140271493 0.013632812500000008 0.059864253393665114