1 0.56396484375 0.44176470588235295 0.01456054687500008 0.06466063348416286
1 0.92822265625 0.6023981900452489 0.016093750000000018 0.08054298642533941
1 0.81689453125 0.4309954751131222 0.013691406249999982 0.06126696832579182
1 0.85498046875 0.42787330316742084 0.013896484375000018 0.0636651583710407
1 0.7822265625 0.42334841628959274 0.015078125000000053 0.0757013574660633
1 0.85498046875 0.6023981900452489 0.014951171874999947 0.07515837104072404
1 0.5283203125 0.43638009049773757 0.01602539062500008 0.08081447963800911
1 0.27392578125 0.6216289592760181 0.015361328125000018 0.08081447963800911
1 0.74560546875 0.42787330316742084 0.014951171874999947 0.07176470588235301
1 0.4921875 0.4409049773755656 0.01627929687500007 0.08208144796380085
1 0.8916015625 0.4256108597285068 0.014062500000000089 0.06316742081447968
1 0.310546875 0.618235294117647 0.015253906250000004 0.0786877828054298
1 0.8916015625 0.6012669683257919 0.015302734375000071 0.07656108597285075
1 0.31005859375 0.449683257918552 0.014335937499999951 0.06316742081447968
1 0.7099609375 0.42787330316742084 0.015361328125000018 0.0757013574660633
1 0.455810546875 0.4395022624434389 0.016093750000000018 0.08171945701357466
1 0.7822265625 0.6057918552036199 0.015302734375000071 0.07570135746606343
1 0.1650390625 0.6289592760180995 0.015605468750000018 0.0789592760180995
1 0.81884765625 0.6052036199095022 0.015253906249999893 0.07425339366515848
1 0.673828125 0.6029411764705882 0.014619140625000027 0.06796380090497729
1 0.63720703125 0.6029411764705882 0.015126953125000009 0.06796380090497729
1 0.60107421875 0.6040723981900452 0.014843750000000044 0.06592760180995472
1 0.564453125 0.6029411764705882 0.01553710937500008 0.0674660633484164
1 0.12939453125 0.6272850678733032 0.015185546875000011 0.07959276018099536
1 0.7099609375 0.5995475113122172 0.01473632812499992 0.07090497737556568
1 0.63623046875 0.43638009049773757 0.014335937500000062 0.06466063348416286
1 0.05685546875 0.46180995475113124 0.013847656250000007 0.06036199095022626
1 0.455810546875 0.6085972850678733 0.01602539062499997 0.07425339366515848
1 0.599609375 0.43723981900452485 0.014179687499999982 0.06149321266968327
1 0.2381640625 0.6221719457013575 0.015537109375000024 0.07959276018099536
1 0.20203125 0.6233031674208145 0.01616210937500001 0.08054298642533941
1 0.38330078125 0.6142533936651584 0.015839843750000027 0.07542986425339374
1 0.4921875 0.6091855203619909 0.015898437499999973 0.07457013574660641
1 0.9267578125 0.4210859728506787 0.014111328125000044 0.06488687782805432
1 0.6728515625 0.4386425339366516 0.014111328125000044 0.06393665158371038
1 0.419677734375 0.6119909502262444 0.016220703125000013 0.07312217194570148
1 0.5283203125 0.6046606334841629 0.015673828124999956 0.06927601809954752
1 0.346435546875 0.4504977375565611 0.013583984374999969 0.06081447963800904
1 0.34716796875 0.6153846153846154 0.016093750000000018 0.07751131221719455
1 0.2744140625 0.44656108597285066 0.01692382812500004 0.0784162895927601
1 0.20166015625 0.447420814479638 0.016582031250000018 0.07515837104072404
1 0.092529296875 0.6295475113122172 0.015781249999999997 0.08144796380090498
1 0.12890625 0.45760180995475114 0.013691406249999982 0.0587330316742081
1 0.74560546875 0.6046606334841629 0.014619140625000027 0.0677375565610861
1 0.383056640625 0.4513574660633484 0.013222656249999964 0.059185520361991005
1 0.056640625 0.6255656108597285 0.016845703125 0.0784162895927601
1 0.418701171875 0.44656108597285066 0.013027343750000031 0.0624434389140272
1 0.0922265625 0.4584162895927602 0.01316406249999999 0.05565610859728512
1 0.164794921875 0.4567420814479638 0.014111328124999989 0.05941176470588233
1 0.238408203125 0.447420814479638 0.016337890625000018 0.07230769230769227