1 0.17626953125 0.4287330316742081 0.014003906249999976 0.05941176470588233
1 0.10248046875 0.4309954751131222 0.014003906250000003 0.05669683257918553
1 0.140263671875 0.42787330316742084 0.013847656250000007 0.05669683257918553
1 0.21240234375 0.43013574660633486 0.013798828124999996 0.058959276018099555
1 0.24744140625 0.4287330316742081 0.016220703125000013 0.06515837104072401
1 0.429931640625 0.4341176470588235 0.013378906250000044 0.05782805429864254
1 0.68505859375 0.5967420814479638 0.014667968749999982 0.06570135746606326
1 0.7578125 0.5938914027149321 0.01456054687500008 0.06986425339366514
1 0.86669921875 0.5984162895927602 0.015361328125000018 0.07488687782805435
1 0.64794921875 0.5972850678733032 0.01473632812499992 0.0677375565610861
1 0.9033203125 0.5944796380090498 0.015253906249999893 0.07570135746606343
1 0.72119140625 0.5961538461538461 0.01456054687500008 0.06538461538461533
1 0.79345703125 0.5972850678733032 0.015185546874999956 0.06927601809954752
1 0.393310546875 0.4323981900452489 0.013066406249999996 0.05760180995475109
1 0.82958984375 0.5978733031674208 0.016162109374999956 0.07339366515837116
1 0.50341796875 0.5990045248868778 0.015253906249999893 0.0700904977375566
1 0.466064453125 0.43552036199095023 0.013896484375000018 0.06316742081447968
1 0.5751953125 0.5972850678733032 0.015078125000000053 0.06696832579185526
1 0.393798828125 0.6063348416289592 0.015253906250000004 0.06796380090497729
1 0.9404296875 0.5950226244343891 0.01553710937500008 0.0739366515837103
1 0.46728515625 0.6006787330316742 0.015361328125000018 0.07280542986425328
1 0.64892578125 0.4332579185520362 0.013847656250000062 0.0587330316742081
1 0.6123046875 0.5950226244343891 0.015898437499999973 0.06828054298642523
1 0.429931640625 0.6057918552036199 0.015126953125000009 0.06570135746606326
1 0.68505859375 0.43013574660633486 0.014384765625000018 0.06149321266968327
1 0.7216796875 0.4332579185520362 0.014453124999999956 0.06316742081447968
1 0.35791015625 0.6069230769230769 0.015488281250000013 0.07280542986425328
1 0.211796875 0.6052036199095022 0.015537109375000024 0.07990950226244355
1 0.28466796875 0.6063348416289592 0.015253906250000004 0.06986425339366514
1 0.35693359375 0.43497737556561084 0.013847656249999951 0.057149321266968305
1 0.175908203125 0.6097285067873304 0.015019531249999996 0.06986425339366514
1 0.93896484375 0.4205429864253394 0.014062500000000089 0.059864253393665114
1 0.6123046875 0.4341176470588235 0.014453124999999956 0.061764705882352965
1 0.248662109375 0.6046606334841629 0.015078125000000053 0.07090497737556568
1 0.321044921875 0.4287330316742081 0.015605468750000018 0.06488687782805432
1 0.3212890625 0.6023981900452489 0.015361328125000018 0.07457013574660641
1 0.139404296875 0.6080542986425339 0.015839843750000027 0.07683257918552044
1 0.5390625 0.6029411764705882 0.014667968749999982 0.06796380090497729
1 0.90185546875 0.42334841628959274 0.014111328125000044 0.0624434389140272
1 0.86669921875 0.4264705882352941 0.013632812500000036 0.06036199095022626
1 0.576171875 0.4287330316742081 0.016093750000000018 0.0757013574660633
1 0.284912109375 0.4287330316742081 0.015839843750000027 0.06642533936651587
1 0.53759765625 0.4332579185520362 0.01553710937500008 0.07262443438914032
1 0.978515625 0.5990045248868778 0.016162109374999956 0.07230769230769239
1 0.7939453125 0.4228054298642534 0.015126953125000009 0.06927601809954752
1 0.7578125 0.4242081447963801 0.015839843750000027 0.07090497737556556
1 0.501953125 0.4309954751131222 0.01553710937500008 0.07090497737556556
1 0.102109375 0.6057918552036199 0.015712890625000003 0.07176470588235301
1 0.830078125 0.4205429864253394 0.016728515625000107 0.07393665158371042
1 0.9755859375 0.4165610859728507 0.015673828124999956 0.06515837104072401