1 0.927734375 0.5661990950226244 0.016582031250000018 0.0739366515837103
1 0.237919921875 0.4210859728506787 0.016220703125000013 0.07149321266968331
1 0.5634765625 0.4165610859728507 0.014843750000000044 0.06393665158371038
1 0.201298828125 0.42334841628959274 0.017109374999999982 0.07425339366515836
1 0.8916015625 0.5676018099547511 0.01578125000000008 0.06986425339366514
1 0.2734375 0.4205429864253394 0.016406249999999956 0.07262443438914032
1 0.74560546875 0.4013122171945701 0.015185546874999956 0.07262443438914032
1 0.49169921875 0.4182805429864253 0.016464843750000013 0.07542986425339374
1 0.70947265625 0.40217194570135745 0.01553710937500008 0.07312217194570134
1 0.5283203125 0.41149321266968325 0.016093750000000018 0.0757013574660633
1 0.455322265625 0.415158371040724 0.016582031250000018 0.07751131221719455
1 0.0922265625 0.43013574660633486 0.01389648437499999 0.06126696832579182
1 0.383056640625 0.4210859728506787 0.014384765625000018 0.06149321266968327
1 0.78173828125 0.4013122171945701 0.015605468750000018 0.07176470588235301
1 0.310302734375 0.4242081447963801 0.014453124999999956 0.06438914027149317
1 0.85498046875 0.5707239819004525 0.015429687499999956 0.06719457013574671
1 0.492431640625 0.5775113122171945 0.01578125000000008 0.06466063348416298
1 0.345458984375 0.5893665158371041 0.015185546874999956 0.06619909502262442
1 0.346435546875 0.4205429864253394 0.014179687499999982 0.06149321266968327
1 0.12927734375 0.42733031674208144 0.013740234374999993 0.06466063348416286
1 0.31005859375 0.5916289592760181 0.015126953125000009 0.06665158371040732
1 0.92724609375 0.3885972850678733 0.01571289062499992 0.07149321266968331
1 0.273681640625 0.5927601809954751 0.015185546874999956 0.0674660633484164
1 0.200927734375 0.5927601809954751 0.015488281250000013 0.0700904977375566
1 0.599609375 0.4123529411764706 0.01400390624999992 0.06149321266968327
1 0.383056640625 0.5871040723981901 0.015019531249999996 0.0624434389140272
1 0.63623046875 0.41090497737556564 0.014453124999999956 0.06416289592760184
1 0.74560546875 0.5701357466063348 0.015605468750000018 0.06466063348416298
1 0.455322265625 0.5831674208144796 0.015126953125000009 0.060995475113122255
1 0.564453125 0.5797737556561086 0.015126953125000009 0.06149321266968315
1 0.60107421875 0.5749321266968326 0.015429687499999956 0.06126696832579195
1 0.7822265625 0.5701357466063348 0.014951171874999947 0.06619909502262442
1 0.67333984375 0.5721266968325792 0.014667968749999982 0.06149321266968315
1 0.8173828125 0.40217194570135745 0.01456054687500008 0.06466063348416286
1 0.419189453125 0.4228054298642534 0.014785156249999987 0.06488687782805432
1 0.6728515625 0.41090497737556564 0.014619140625000027 0.06796380090497742
1 0.7099609375 0.5701357466063348 0.014902343749999991 0.0624434389140272
1 0.6357421875 0.5749321266968326 0.015429687499999956 0.05986425339366524
1 0.81884765625 0.5695927601809955 0.01571289062499992 0.06696832579185526
1 0.055419921875 0.6006787330316742 0.016279296875000016 0.07176470588235301
1 0.165166015625 0.4309954751131222 0.014335937500000007 0.06343891402714937
1 0.890625 0.3965158371040724 0.014667968749999982 0.06538461538461533
1 0.85498046875 0.40497737556561086 0.014335937500000062 0.0657013574660634
1 0.419677734375 0.5831674208144796 0.015673828124999956 0.06294117647058835
1 0.128173828125 0.6001357466063348 0.015126953125000009 0.0677375565610861
1 0.16345703125 0.6001357466063348 0.015429687500000011 0.06619909502262442
1 0.092041015625 0.6029411764705882 0.015302734374999988 0.06927601809954752
1 0.23779296875 0.5927601809954751 0.015429687500000011 0.06904977375565607
1 0.0571875 0.4287330316742081 0.013632812500000008 0.06054298642533935
1 0.5283203125 0.5780542986425339 0.015253906249999893 0.0636651583710407