1 0.209599609375 0.612579185520362 0.015712890624999976 0.08018099547511325
1 0.935546875 0.6001357466063348 0.015126953125000009 0.07656108597285075
1 0.86328125 0.6018099547511312 0.015126953125000009 0.07488687782805435
1 0.499267578125 0.4332579185520362 0.01602539062500008 0.08208144796380085
1 0.5361328125 0.43552036199095023 0.01602539062500008 0.08208144796380085
1 0.89892578125 0.6035294117647059 0.01456054687500008 0.07149321266968331
1 0.75439453125 0.5990045248868778 0.014384765625000018 0.06927601809954752
1 0.82666015625 0.6046606334841629 0.015078125000000053 0.07542986425339374
1 0.97216796875 0.5990045248868778 0.01595703124999992 0.08271493212669671
1 0.826171875 0.42334841628959274 0.015429687499999956 0.07601809954751136
1 0.35400390625 0.6114479638009049 0.01530273437499996 0.07656108597285075
1 0.318603515625 0.43497737556561084 0.016582031250000018 0.0757013574660633
1 0.6083984375 0.6006787330316742 0.01578125000000008 0.07067873303167423
1 0.49951171875 0.6018099547511312 0.015126953125000009 0.07149321266968331
1 0.172607421875 0.6131221719457014 0.014951171875000002 0.07683257918552044
1 0.7900390625 0.6012669683257919 0.015253906249999893 0.07176470588235301
1 0.317626953125 0.6119909502262444 0.015488281250000013 0.07778280542986424
1 0.5361328125 0.6040723981900452 0.015185546874999956 0.07199095022624445
1 0.245244140625 0.613710407239819 0.015429687499999956 0.07542986425339374
1 0.78955078125 0.4250678733031674 0.015898437499999973 0.07628959276018106
1 0.1366015625 0.6142533936651584 0.015537109375000024 0.0786877828054298
1 0.390869140625 0.6097285067873304 0.015537109374999969 0.07656108597285075
1 0.75341796875 0.4256108597285068 0.015361328125000018 0.07515837104072404
1 0.463623046875 0.6063348416289592 0.014951171874999947 0.07230769230769239
1 0.71728515625 0.6006787330316742 0.014667968749999982 0.06904977375565607
1 0.68115234375 0.6001357466063348 0.014667968749999982 0.06796380090497729
1 0.281494140625 0.6142533936651584 0.015078125000000053 0.07280542986425328
1 0.572265625 0.6006787330316742 0.015605468750000018 0.06986425339366514
1 0.427001953125 0.6097285067873304 0.015361328125000018 0.07656108597285075
1 0.6455078125 0.6018099547511312 0.01473632812499992 0.06570135746606326
1 0.245244140625 0.43778280542986425 0.015537109374999969 0.0703619909502263
1 0.281982421875 0.43723981900452485 0.015673828124999956 0.07149321266968331
1 0.427001953125 0.440316742081448 0.013896484375000018 0.06081447963800904
1 0.209599609375 0.4434389140271493 0.014453125000000011 0.06393665158371038
1 0.463623046875 0.4434389140271493 0.013535156250000013 0.06054298642533935
1 0.1728515625 0.44176470588235295 0.013740234374999993 0.05941176470588233
1 0.390625 0.4409049773755656 0.013476562499999956 0.0587330316742081
1 0.35400390625 0.4434389140271493 0.014111328125000044 0.06054298642533935
1 0.71728515625 0.4341176470588235 0.014619140625000027 0.06665158371040719
1 0.89892578125 0.42787330316742084 0.014335937500000062 0.06488687782805432
1 0.60791015625 0.440316742081448 0.01400390624999992 0.06099547511312212
1 0.93505859375 0.4287330316742081 0.014667968749999982 0.06466063348416286
1 0.100341796875 0.6085972850678733 0.01583984375 0.07515837104072404
1 0.64501953125 0.42959276018099546 0.01358398437500008 0.06828054298642536
1 0.970703125 0.42334841628959274 0.014951171874999947 0.06773755656108597
1 0.57177734375 0.43497737556561084 0.015126953125000009 0.07366515837104073
1 0.86181640625 0.4309954751131222 0.014501953124999911 0.06294117647058822
1 0.13671875 0.4409049773755656 0.012773437499999984 0.057149321266968305
1 0.68017578125 0.4332579185520362 0.013740234374999938 0.0657013574660634
1 0.100888671875 0.442579185520362 0.013222656249999992 0.05737556561085976