1 0.78271484375 0.5865610859728506 0.014902343749999991 0.0736651583710406
1 0.492431640625 0.4287330316742081 0.01571289062499992 0.08081447963800911
1 0.74658203125 0.5882352941176471 0.014951171874999947 0.07067873303167423
1 0.71044921875 0.5854298642533936 0.015185546874999956 0.07067873303167423
1 0.45556640625 0.42733031674208144 0.01652343749999996 0.08081447963800911
1 0.52880859375 0.4264705882352941 0.016406249999999956 0.0786877828054298
1 0.8916015625 0.583710407239819 0.016337890625000018 0.07515837104072404
1 0.74560546875 0.4182805429864253 0.01571289062499992 0.07176470588235301
1 0.85595703125 0.584841628959276 0.015429687499999956 0.0700904977375566
1 0.564453125 0.5944796380090498 0.015253906249999893 0.06466063348416298
1 0.7822265625 0.4165610859728507 0.015488281249999902 0.07393665158371042
1 0.34716796875 0.43552036199095023 0.013798828124999996 0.06199095022624429
1 0.63623046875 0.4250678733031674 0.013740234374999938 0.0624434389140272
1 0.70947265625 0.41968325791855204 0.015898437499999973 0.07339366515837104
1 0.599609375 0.4250678733031674 0.013847656250000062 0.061764705882352965
1 0.274169921875 0.4287330316742081 0.015605468750000018 0.07393665158371042
1 0.2010546875 0.6119909502262444 0.015126953125000009 0.07570135746606343
1 0.238408203125 0.4318552036199095 0.016337890625000018 0.07280542986425341
1 0.310546875 0.43638009049773757 0.014619140625000027 0.06393665158371038
1 0.45556640625 0.5995475113122172 0.01578124999999997 0.06665158371040732
1 0.346435546875 0.6046606334841629 0.01530273437499996 0.07199095022624445
1 0.201787109375 0.43552036199095023 0.016660156250000002 0.07262443438914032
1 0.274169921875 0.6085972850678733 0.015185546874999956 0.07425339366515848
1 0.6728515625 0.5927601809954751 0.014902343749999991 0.06904977375565607
1 0.164794921875 0.6142533936651584 0.015781250000000024 0.07542986425339374
1 0.49169921875 0.6001357466063348 0.015253906250000004 0.06719457013574671
1 0.23779296875 0.6114479638009049 0.015839843750000027 0.07719457013574661
1 0.383056640625 0.43638009049773757 0.014228515625000049 0.06416289592760184
1 0.63671875 0.5927601809954751 0.015078125000000053 0.06696832579185526
1 0.310546875 0.6069230769230769 0.014902343749999991 0.07280542986425328
1 0.419677734375 0.6023981900452489 0.015429687499999956 0.06904977375565607
1 0.383544921875 0.6040723981900452 0.01530273437499996 0.07067873303167423
1 0.92822265625 0.5854298642533936 0.016728515625000107 0.07542986425339374
1 0.6005859375 0.5916289592760181 0.015673828124999956 0.06642533936651587
1 0.129521484375 0.440316742081448 0.013164062500000018 0.05941176470588233
1 0.52734375 0.5956108597285068 0.015429687499999956 0.06515837104072388
1 0.9267578125 0.4123529411764706 0.014619140625000027 0.06466063348416286
1 0.128544921875 0.6142533936651584 0.015253906250000004 0.07488687782805435
1 0.165654296875 0.4409049773755656 0.01395507812500002 0.06316742081447968
1 0.8173828125 0.4205429864253394 0.013847656250000062 0.06221719457013575
1 0.56396484375 0.4309954751131222 0.014843750000000044 0.06665158371040719
1 0.09173828125 0.61710407239819 0.015712890625000003 0.07515837104072404
1 0.057373046875 0.43638009049773757 0.01417968750000001 0.05963800904977379
1 0.818359375 0.5904977375565611 0.015078125000000053 0.06904977375565607
1 0.056455078125 0.6114479638009049 0.016660156250000002 0.07778280542986424
1 0.85546875 0.4165610859728507 0.013896484375000018 0.06149321266968327
1 0.6728515625 0.4256108597285068 0.014287109375000107 0.06619909502262442
1 0.8916015625 0.4146153846153846 0.014228515624999938 0.06393665158371038
1 0.093017578125 0.4386425339366516 0.013583984374999997 0.06099547511312212
1 0.419189453125 0.43723981900452485 0.014619140625000027 0.06416289592760184