1 0.4921875 0.6001357466063348 0.014560546874999969 0.06642533936651587
1 0.52734375 0.5972850678733032 0.015429687499999956 0.06642533936651587
1 0.63623046875 0.5944796380090498 0.015126953125000009 0.06850678733031668
1 0.6005859375 0.5950226244343891 0.015185546874999956 0.06538461538461533
1 0.455322265625 0.6006787330316742 0.01530273437499996 0.06642533936651587
1 0.41943359375 0.6046606334841629 0.015605468750000018 0.06619909502262442
1 0.67333984375 0.5927601809954751 0.014619140625000027 0.06927601809954752
1 0.273681640625 0.612579185520362 0.015126953125000009 0.07176470588235301
1 0.056240234375 0.615972850678733 0.01567382812500001 0.07262443438914032
1 0.78271484375 0.5927601809954751 0.014384765625000018 0.07117647058823538
1 0.38232421875 0.6069230769230769 0.015078125000000053 0.06877828054298638
1 0.5283203125 0.42959276018099546 0.01652343750000007 0.07339366515837104
1 0.310546875 0.613710407239819 0.015185546874999956 0.07176470588235301
1 0.564453125 0.5956108597285068 0.014667968749999982 0.06642533936651587
1 0.49169921875 0.42959276018099546 0.016162109374999956 0.07628959276018106
1 0.237548828125 0.6103167420814479 0.015078124999999998 0.07312217194570148
1 0.45556640625 0.4287330316742081 0.016337890625000018 0.07262443438914032
1 0.16455078125 0.6165158371040724 0.015429687500000011 0.06959276018099546
1 0.200927734375 0.6142533936651584 0.015361328125000018 0.0703619909502263
1 0.346435546875 0.6097285067873304 0.015126953125000009 0.07067873303167423
1 0.74658203125 0.5893665158371041 0.015126953125000009 0.07199095022624445
1 0.7099609375 0.5922171945701358 0.014453124999999956 0.07067873303167423
1 0.12841796875 0.6176470588235294 0.015019531249999996 0.06850678733031668
1 0.85498046875 0.5871040723981901 0.015019531250000107 0.07542986425339374
1 0.74560546875 0.4165610859728507 0.014843750000000044 0.06619909502262442
1 0.818359375 0.5927601809954751 0.01473632812499992 0.07117647058823538
1 0.274169921875 0.4323981900452489 0.015488281250000013 0.07312217194570134
1 0.927734375 0.5865610859728506 0.015673828124999956 0.0784162895927601
1 0.23779296875 0.4341176470588235 0.016660156250000002 0.07628959276018106
1 0.7099609375 0.4182805429864253 0.015839843750000027 0.06850678733031668
1 0.5634765625 0.43013574660633486 0.01473632812499992 0.0636651583710407
1 0.091552734375 0.619366515837104 0.015488281250000013 0.0703619909502263
1 0.7822265625 0.415158371040724 0.014902343749999991 0.06696832579185526
1 0.201298828125 0.4386425339366516 0.016464843750000013 0.07090497737556556
1 0.6728515625 0.4256108597285068 0.014062500000000089 0.0624434389140272
1 0.89208984375 0.5933484162895928 0.015019531250000107 0.07149321266968331
1 0.4189453125 0.43552036199095023 0.014384765625000018 0.06099547511312212
1 0.31005859375 0.43778280542986425 0.013583984374999969 0.05828054298642532
1 0.6357421875 0.4242081447963801 0.014062500000000089 0.05941176470588233
1 0.16541015625 0.4409049773755656 0.014287109374999996 0.05850678733031677
1 0.346923828125 0.43552036199095023 0.013164062500000018 0.058054298642533995
1 0.599609375 0.4250678733031674 0.014062500000000089 0.058959276018099555
1 0.12890625 0.4386425339366516 0.012919921875000018 0.0547963800904978
1 0.8173828125 0.417420814479638 0.014287109375000107 0.06081447963800904
1 0.3828125 0.43552036199095023 0.013583984374999969 0.0587330316742081
1 0.9267578125 0.40923076923076923 0.014111328125000044 0.06316742081447968
1 0.890625 0.4100904977375565 0.013896484375000018 0.061764705882352965
1 0.09271484375 0.4395022624434389 0.013378906249999989 0.05696832579185522
1 0.8544921875 0.41289592760180993 0.013476562499999956 0.059864253393665114
1 0.056455078125 0.4341176470588235 0.012822265624999996 0.057149321266968305