1 0.49169921875 0.4409049773755656 0.016660156249999947 0.08054298642533941
1 0.85546875 0.5888235294117646 0.01595703124999992 0.08361990950226253
1 0.455078125 0.440316742081448 0.017304687500000027 0.08144796380090498
1 0.52783203125 0.43778280542986425 0.016787109375000053 0.08235294117647053
1 0.3828125 0.6153846153846154 0.015673828124999956 0.06959276018099546
1 0.78173828125 0.4242081447963801 0.015839843750000027 0.07393665158371042
1 0.81787109375 0.5990045248868778 0.01553710937500008 0.07067873303167423
1 0.63623046875 0.6023981900452489 0.015253906249999893 0.06619909502262442
1 0.92822265625 0.5922171945701358 0.016464843749999902 0.08081447963800911
1 0.67333984375 0.5990045248868778 0.014667968749999982 0.06592760180995472
1 0.6005859375 0.6023981900452489 0.014951171874999947 0.06538461538461533
1 0.708984375 0.4287330316742081 0.015673828124999956 0.07393665158371042
1 0.70947265625 0.5972850678733032 0.014667968749999982 0.0674660633484164
1 0.7822265625 0.5984162895927602 0.014902343749999991 0.06927601809954752
1 0.56396484375 0.6023981900452489 0.014619140625000027 0.06416289592760184
1 0.2734375 0.44656108597285066 0.01791015625000003 0.0784162895927601
1 0.454833984375 0.6046606334841629 0.016162109374999956 0.06986425339366514
1 0.74560546875 0.5978733031674208 0.014619140625000027 0.06927601809954752
1 0.8916015625 0.5938914027149321 0.015605468750000018 0.07515837104072404
1 0.0558203125 0.6238914027149322 0.0173046875 0.07778280542986424
1 0.418701171875 0.6103167420814479 0.016337890625000018 0.06959276018099546
1 0.0922265625 0.6278280542986425 0.016728515624999996 0.08334841628959283
1 0.491455078125 0.6074660633484162 0.01571289062500003 0.06570135746606326
1 0.345458984375 0.4513574660633484 0.013164062500000018 0.05963800904977379
1 0.52734375 0.6046606334841629 0.015253906249999893 0.06570135746606326
1 0.237548828125 0.620497737556561 0.016220703125000013 0.08018099547511325
1 0.671875 0.440316742081448 0.013632812500000036 0.06036199095022626
1 0.63525390625 0.4386425339366516 0.01400390624999992 0.06343891402714937
1 0.1639453125 0.6261538461538462 0.017109374999999982 0.08171945701357466
1 0.74462890625 0.42787330316742084 0.014902343749999991 0.07117647058823524
1 0.309814453125 0.619366515837104 0.015673828124999956 0.0739366515837103
1 0.16443359375 0.4561538461538462 0.014560546875000024 0.0624434389140272
1 0.2010546875 0.4488235294117647 0.017441406250000013 0.07601809954751136
1 0.85400390625 0.4332579185520362 0.013476562499999956 0.06126696832579182
1 0.345703125 0.6187782805429864 0.015488281250000013 0.07230769230769239
1 0.128056640625 0.6266968325791855 0.016093750000000018 0.08117647058823528
1 0.23669921875 0.4479638009049774 0.017988281250000016 0.07601809954751136
1 0.89013671875 0.4256108597285068 0.013955078124999964 0.06294117647058822
1 0.273681640625 0.6210407239819005 0.016406249999999956 0.07683257918552044
1 0.92626953125 0.4228054298642534 0.01456054687500008 0.06515837104072401
1 0.20056640625 0.6210407239819005 0.01616210937500001 0.0784162895927601
1 0.59912109375 0.4395022624434389 0.013740234374999938 0.06081447963800904
1 0.38232421875 0.4504977375565611 0.013427734375 0.060090497737556564
1 0.3095703125 0.45194570135746603 0.014560546874999969 0.06099547511312212
1 0.81689453125 0.4323981900452489 0.014384765625000018 0.06036199095022626
1 0.5634765625 0.44656108597285066 0.01327148437499992 0.05737556561085976
1 0.12841796875 0.4561538461538462 0.012773437499999984 0.058959276018099555
1 0.091552734375 0.4561538461538462 0.01267578124999999 0.0547963800904978
1 0.41845703125 0.4504977375565611 0.014335937499999951 0.0624434389140272
1 0.054599609375 0.4584162895927602 0.014003906250000003 0.05696832579185522