1 0.11279296875 0.5786425339366515 0.01658203124999999 0.08710407239819004
1 0.149169921875 0.5766515837104073 0.016279296875000016 0.08859728506787323
1 0.07751953125 0.5797737556561086 0.016845703125 0.08461538461538456
1 0.221318359375 0.3936651583710407 0.016220703125000013 0.07366515837104073
1 0.65771484375 0.5401809954751131 0.015126953125000009 0.07339366515837104
1 0.185791015625 0.5741176470588235 0.015302734375000016 0.08411764705882342
1 0.25830078125 0.38660633484162893 0.01652343749999996 0.07683257918552032
1 0.22205078125 0.5701357466063348 0.015781250000000024 0.08561085972850686
1 0.54833984375 0.37303167420814476 0.017041015625000044 0.08018099547511312
1 0.548828125 0.5475113122171946 0.015605468750000018 0.07601809954751136
1 0.5849609375 0.5438461538461539 0.015429687499999956 0.07339366515837116
1 0.947265625 0.33850678733031675 0.014501953124999911 0.06619909502262442
1 0.51220703125 0.3755656108597285 0.01652343750000007 0.08384615384615385
1 0.62109375 0.5418552036199095 0.015253906249999893 0.07366515837104073
1 0.07654296875 0.4007239819004525 0.014003906250000003 0.0624434389140272
1 0.476318359375 0.37357466063348416 0.016982421874999987 0.08298642533936654
1 0.25830078125 0.5701357466063348 0.015898437499999973 0.08461538461538456
1 0.87548828125 0.34642533936651587 0.014111328125000044 0.0636651583710407
1 0.4765625 0.5514932126696832 0.015605468750000018 0.07628959276018106
1 0.91259765625 0.5172398190045249 0.015429687499999956 0.0839819004524887
1 0.51220703125 0.5503619909502262 0.015839843750000027 0.07683257918552044
1 0.72998046875 0.35606334841628956 0.016162109374999956 0.07488687782805435
1 0.69384765625 0.5364705882352941 0.015488281249999902 0.07656108597285075
1 0.294677734375 0.5676018099547511 0.015078125000000053 0.08524886877828043
1 0.80224609375 0.34841628959276016 0.01595703124999992 0.07628959276018106
1 0.6201171875 0.37018099547511313 0.013740234374999938 0.06316742081447968
1 0.65625 0.3651131221719457 0.013798828125000107 0.06081447963800904
1 0.94921875 0.5155656108597285 0.016337890625000018 0.08497737556561087
1 0.4404296875 0.5565610859728507 0.015898437499999973 0.07959276018099536
1 0.112978515625 0.3979185520361991 0.013378906249999989 0.061764705882352965
1 0.148681640625 0.39506787330316745 0.013691406249999982 0.06199095022624429
1 0.72998046875 0.5328054298642534 0.015605468750000018 0.07927601809954755
1 0.366943359375 0.38520361990950225 0.014501953125000022 0.06515837104072401
1 0.87646484375 0.5189592760180995 0.01627929687500007 0.08144796380090498
1 0.76611328125 0.3515384615384615 0.015429687499999956 0.07488687782805435
1 0.40283203125 0.38461538461538464 0.014619140625000027 0.06343891402714937
1 0.693359375 0.36257918552036195 0.014501953124999911 0.06719457013574658
1 0.83984375 0.5209502262443438 0.01578125000000008 0.08298642533936654
1 0.9111328125 0.3413574660633484 0.01400390624999992 0.06393665158371038
1 0.330322265625 0.38941176470588235 0.014335937499999951 0.0657013574660634
1 0.18505859375 0.3979185520361991 0.013427734375 0.06126696832579182
1 0.3310546875 0.565339366515837 0.01571289062500003 0.08171945701357466
1 0.439697265625 0.3837556561085973 0.015185546874999956 0.06746606334841627
1 0.3671875 0.5639366515837104 0.01602539062499997 0.08271493212669671
1 0.40380859375 0.560814479638009 0.015898437499999973 0.08208144796380085
1 0.80322265625 0.5328054298642534 0.015429687499999956 0.07683257918552032
1 0.83740234375 0.3515384615384615 0.013632812500000036 0.06221719457013575
1 0.58349609375 0.3750226244343891 0.014335937500000062 0.06619909502262442
1 0.294189453125 0.38800904977375567 0.01602539062499997 0.07366515837104073
1 0.7666015625 0.5280090497737556 0.015673828124999956 0.07927601809954755