1 0.712890625 0.4205429864253394 0.015078125000000053 0.07090497737556556
1 0.421875 0.6080542986425339 0.01571289062500003 0.07199095022624445
1 0.71240234375 0.5956108597285068 0.014384765625000018 0.06986425339366514
1 0.385498046875 0.6119909502262444 0.015839843750000027 0.07542986425339374
1 0.78466796875 0.4146153846153846 0.015488281249999902 0.07366515837104073
1 0.458251953125 0.6057918552036199 0.015898437499999973 0.07199095022624445
1 0.93115234375 0.5956108597285068 0.016162109374999956 0.08999999999999994
1 0.67578125 0.5972850678733032 0.01456054687500008 0.06696832579185526
1 0.56640625 0.6012669683257919 0.014843750000000044 0.0677375565610861
1 0.4580078125 0.4323981900452489 0.016162109374999956 0.07230769230769227
1 0.748046875 0.4182805429864253 0.015605468750000018 0.06959276018099546
1 0.92919921875 0.4100904977375565 0.013476562499999956 0.059185520361991005
1 0.60302734375 0.6001357466063348 0.014501953124999911 0.06393665158371038
1 0.493896484375 0.6080542986425339 0.015302734375000071 0.07457013574660641
1 0.53076171875 0.6018099547511312 0.015019531250000107 0.06796380090497729
1 0.5302734375 0.4256108597285068 0.015429687499999956 0.07262443438914032
1 0.494384765625 0.4323981900452489 0.016464843749999902 0.07312217194570134
1 0.203740234375 0.6187782805429864 0.015429687500000011 0.07656108597285075
1 0.67578125 0.42787330316742084 0.013535156249999902 0.058054298642533995
1 0.422607421875 0.440316742081448 0.013066406249999996 0.05696832579185522
1 0.31298828125 0.61710407239819 0.01571289062500003 0.07719457013574661
1 0.6396484375 0.5956108597285068 0.014951171874999947 0.06719457013574671
1 0.094365234375 0.6227601809954751 0.015712890625000003 0.07927601809954743
1 0.85791015625 0.415158371040724 0.013740234374999938 0.058054298642533995
1 0.239873046875 0.61710407239819 0.015839843750000027 0.07628959276018106
1 0.31298828125 0.43552036199095023 0.012431640625000018 0.054570135746606345
1 0.167724609375 0.6210407239819005 0.015898437499999973 0.07719457013574661
1 0.78515625 0.5967420814479638 0.015302734375000071 0.07656108597285075
1 0.349853515625 0.43638009049773757 0.013066406249999996 0.05606334841628953
1 0.89404296875 0.4123529411764706 0.013691406249999982 0.05850678733031677
1 0.277099609375 0.440316742081448 0.01724609374999997 0.06592760180995472
1 0.8583984375 0.5972850678733032 0.015302734375000071 0.0784162895927601
1 0.276611328125 0.6165158371040724 0.01571289062500003 0.08235294117647053
1 0.74853515625 0.5972850678733032 0.015253906249999893 0.07176470588235301
1 0.349365234375 0.6153846153846154 0.01578124999999997 0.07515837104072404
1 0.8212890625 0.5961538461538461 0.01578125000000008 0.07628959276018106
1 0.130986328125 0.6221719457013575 0.015957031249999976 0.07719457013574661
1 0.05865234375 0.6210407239819005 0.015185546875000011 0.0700904977375566
1 0.38623046875 0.440316742081448 0.013125000000000053 0.054162895927601803
1 0.203857421875 0.442579185520362 0.01738281250000001 0.0657013574660634
1 0.81982421875 0.4165610859728507 0.01327148437499992 0.05606334841628953
1 0.60302734375 0.42959276018099546 0.01358398437500008 0.055837104072398204
1 0.240234375 0.43778280542986425 0.017177734374999976 0.06488687782805432
1 0.56689453125 0.4332579185520362 0.013896484375000018 0.059185520361991005
1 0.63916015625 0.4250678733031674 0.013740234374999938 0.05737556561085976
1 0.131474609375 0.442579185520362 0.014228515624999993 0.05647058823529407
1 0.89453125 0.5922171945701358 0.01595703124999992 0.08610859728506776
1 0.096005859375 0.440316742081448 0.013027343750000003 0.053529411764705936
1 0.168828125 0.4409049773755656 0.012148437499999998 0.05190045248868778
1 0.059755859375 0.4409049773755656 0.013583984374999997 0.05393665158371035