1 0.783203125 0.5871040723981901 0.014951171874999947 0.07339366515837116
1 0.4931640625 0.42787330316742084 0.016162109374999956 0.08018099547511312
1 0.74755859375 0.5882352941176471 0.015253906249999893 0.07090497737556568
1 0.71142578125 0.584841628959276 0.015078125000000053 0.0703619909502263
1 0.456298828125 0.42733031674208144 0.016406249999999956 0.08054298642533941
1 0.892578125 0.583710407239819 0.016162109374999956 0.07425339366515848
1 0.56494140625 0.5933484162895928 0.015126953125000009 0.0643891402714933
1 0.239013671875 0.4309954751131222 0.016523437500000016 0.07312217194570134
1 0.85595703125 0.5842986425339366 0.015253906249999893 0.06959276018099546
1 0.74609375 0.4182805429864253 0.015898437499999973 0.07067873303167423
1 0.783203125 0.4165610859728507 0.01553710937500008 0.07280542986425341
1 0.6005859375 0.4250678733031674 0.013847656250000062 0.06081447963800904
1 0.71044921875 0.4182805429864253 0.015839843750000027 0.07230769230769227
1 0.201787109375 0.6108597285067874 0.015253906250000004 0.07515837104072404
1 0.34716796875 0.6029411764705882 0.015429687499999956 0.07149321266968331
1 0.274658203125 0.4287330316742081 0.01602539062499997 0.07425339366515836
1 0.63720703125 0.4250678733031674 0.013847656250000062 0.061764705882352965
1 0.5302734375 0.4256108597285068 0.015898437499999973 0.0784162895927601
1 0.274658203125 0.6080542986425339 0.015361328125000018 0.0739366515837103
1 0.165654296875 0.613710407239819 0.015712890624999976 0.07457013574660641
1 0.42041015625 0.6023981900452489 0.015429687499999956 0.06877828054298638
1 0.456298828125 0.5984162895927602 0.01578124999999997 0.06696832579185526
1 0.492431640625 0.5990045248868778 0.015302734375000071 0.06696832579185526
1 0.673828125 0.5922171945701358 0.014619140625000027 0.06850678733031668
1 0.20263671875 0.43552036199095023 0.016728515624999996 0.07262443438914032
1 0.311279296875 0.6074660633484162 0.014951171874999947 0.07149321266968331
1 0.9287109375 0.5854298642533936 0.016582031250000018 0.07570135746606343
1 0.3837890625 0.43552036199095023 0.014179687499999982 0.06393665158371038
1 0.384033203125 0.6040723981900452 0.01530273437499996 0.06986425339366514
1 0.6015625 0.5916289592760181 0.015605468750000018 0.06570135746606326
1 0.6376953125 0.5927601809954751 0.015361328125000018 0.0674660633484164
1 0.238408203125 0.6108597285067874 0.015898437499999973 0.07570135746606343
1 0.130009765625 0.4395022624434389 0.013330078124999978 0.060090497737556564
1 0.129521484375 0.613710407239819 0.015078124999999998 0.0739366515837103
1 0.5283203125 0.5956108597285068 0.015019531250000107 0.06466063348416298
1 0.8193359375 0.5893665158371041 0.015126953125000009 0.0700904977375566
1 0.673828125 0.4250678733031674 0.014384765625000018 0.06592760180995472
1 0.0922265625 0.6165158371040724 0.01616210937500001 0.07457013574660641
1 0.92724609375 0.4123529411764706 0.014785156250000098 0.06466063348416286
1 0.8564453125 0.4160180995475113 0.01400390624999992 0.06199095022624429
1 0.347900390625 0.43497737556561084 0.014111328125000044 0.061764705882352965
1 0.564453125 0.4309954751131222 0.014785156250000098 0.0657013574660634
1 0.818359375 0.41968325791855204 0.013740234374999938 0.06149321266968327
1 0.311279296875 0.43638009049773757 0.014384765625000018 0.06221719457013575
1 0.093505859375 0.4386425339366516 0.013476562500000011 0.06036199095022626
1 0.89208984375 0.415158371040724 0.014179687499999982 0.0636651583710407
1 0.419921875 0.43723981900452485 0.014501953125000022 0.06416289592760184
1 0.0575 0.6108597285067874 0.01646484375 0.07805429864253394
1 0.166142578125 0.4409049773755656 0.014384765625000018 0.06393665158371038
1 0.057919921875 0.43552036199095023 0.013955078124999992 0.05850678733031677