1 0.72900390625 0.38660633484162893 0.015185546874999956 0.07149321266968331
1 0.948037109375 0.5527149321266969 0.016728515625000107 0.07312217194570148
1 0.9111328125 0.5514932126696832 0.015185546874999956 0.06959276018099546
1 0.87451171875 0.5537556561085972 0.014843750000000044 0.06696832579185526
1 0.80126953125 0.3818099547511312 0.01571289062499992 0.07230769230769227
1 0.83837890625 0.5537556561085972 0.015185546874999956 0.06927601809954752
1 0.765625 0.3837556561085973 0.01578125000000008 0.06986425339366514
1 0.8017578125 0.5542986425339367 0.015185546874999956 0.06619909502262442
1 0.293212890625 0.40923076923076923 0.016162109374999956 0.07312217194570134
1 0.7294921875 0.5576923076923077 0.014667968749999982 0.06570135746606326
1 0.075439453125 0.5956108597285068 0.0158984375 0.07176470588235301
1 0.25732421875 0.4123529411764706 0.01602539062499997 0.0757013574660633
1 0.220830078125 0.4160180995475113 0.016787109374999998 0.07339366515837104
1 0.330078125 0.4086425339366516 0.013896484375000018 0.06081447963800904
1 0.5830078125 0.3993212669683258 0.013798828125000107 0.05941176470588233
1 0.6201171875 0.565339366515837 0.015253906249999893 0.06221719457013575
1 0.54736328125 0.4058371040723982 0.016406249999999956 0.07805429864253394
1 0.61962890625 0.3942533936651583 0.01358398437500008 0.05963800904977379
1 0.47509765625 0.4058371040723982 0.016660156249999947 0.08235294117647053
1 0.402587890625 0.4058371040723982 0.013847656249999951 0.0587330316742081
1 0.3662109375 0.4086425339366516 0.013691406249999982 0.06036199095022626
1 0.220703125 0.5882352941176471 0.014736328124999976 0.06986425339366514
1 0.475830078125 0.5709954751131222 0.015605468750000018 0.06642533936651587
1 0.4033203125 0.5789140271493213 0.01595703125000003 0.0700904977375566
1 0.51171875 0.5701357466063348 0.015605468750000018 0.06592760180995472
1 0.439453125 0.5766515837104073 0.016093750000000018 0.06904977375565607
1 0.65673828125 0.5624886877828055 0.014667968749999982 0.06081447963800904
1 0.693359375 0.560814479638009 0.014785156250000098 0.06176470588235284
1 0.366455078125 0.580316742081448 0.015126953125000009 0.07067873303167423
1 0.51123046875 0.40497737556561086 0.015839843750000027 0.07515837104072404
1 0.148076171875 0.5922171945701358 0.015488281250000013 0.07515837104072404
1 0.5478515625 0.5687330316742082 0.014667968749999982 0.06416289592760184
1 0.148681640625 0.4146153846153846 0.013427734375 0.05941176470588233
1 0.258056640625 0.5859728506787331 0.015126953125000009 0.07425339366515848
1 0.91015625 0.3716289592760181 0.014111328125000044 0.059185520361991005
1 0.330322265625 0.5865610859728506 0.015126953125000009 0.07262443438914032
1 0.65576171875 0.39280542986425343 0.013378906250000044 0.05828054298642532
1 0.07556640625 0.4146153846153846 0.014003906250000003 0.05737556561085976
1 0.184814453125 0.4160180995475113 0.012871093750000007 0.059864253393665114
1 0.184814453125 0.5893665158371041 0.015605468750000018 0.0739366515837103
1 0.112607421875 0.4146153846153846 0.01267578124999999 0.057149321266968305
1 0.293701171875 0.5854298642533936 0.015361328125000018 0.07090497737556568
1 0.94677734375 0.37104072398190047 0.01400390624999992 0.06099547511312212
1 0.583984375 0.5681447963800905 0.014902343749999991 0.06393665158371038
1 0.765625 0.5565610859728507 0.014335937500000062 0.0624434389140272
1 0.69189453125 0.39226244343891403 0.013740234374999938 0.060090497737556564
1 0.87451171875 0.37642533936651584 0.01400390624999992 0.060090497737556564
1 0.439208984375 0.4086425339366516 0.014287109374999996 0.06696832579185526
1 0.8369140625 0.38122171945701355 0.013164062500000018 0.05669683257918553
1 0.11181640625 0.5927601809954751 0.015078124999999998 0.07425339366515848