1 0.8173828125 0.4264705882352941 0.013955078124999964 0.06221719457013575
1 0.85546875 0.42334841628959274 0.013896484375000018 0.06343891402714937
1 0.8193359375 0.5944796380090498 0.015488281249999902 0.07656108597285075
1 0.7099609375 0.4228054298642534 0.015361328125000018 0.07366515837104073
1 0.85546875 0.5967420814479638 0.015019531250000107 0.07230769230769239
1 0.78271484375 0.5984162895927602 0.015488281249999902 0.07628959276018106
1 0.78173828125 0.4210859728506787 0.015488281249999902 0.07262443438914032
1 0.92822265625 0.5927601809954751 0.016220703124999902 0.07990950226244355
1 0.89111328125 0.42194570135746606 0.014335937500000062 0.06488687782805432
1 0.5634765625 0.4395022624434389 0.014335937500000062 0.06488687782805432
1 0.89208984375 0.5950226244343891 0.015302734375000071 0.07312217194570148
1 0.74560546875 0.4228054298642534 0.015185546874999956 0.0700904977375566
1 0.310302734375 0.44656108597285066 0.013955078124999964 0.06221719457013575
1 0.1650390625 0.61710407239819 0.016025390625000024 0.0703619909502263
1 0.310302734375 0.6119909502262444 0.015126953125000009 0.07067873303167423
1 0.273681640625 0.6131221719457014 0.01571289062500003 0.07117647058823538
1 0.2010546875 0.6131221719457014 0.015253906250000004 0.0703619909502263
1 0.7470703125 0.5956108597285068 0.01571289062499992 0.07176470588235301
1 0.09234375 0.615972850678733 0.015712890625000003 0.07067873303167423
1 0.6357421875 0.4318552036199095 0.013955078124999964 0.06271493212669689
1 0.71044921875 0.5956108597285068 0.014785156250000098 0.06850678733031668
1 0.346435546875 0.6085972850678733 0.015839843750000027 0.07199095022624445
1 0.056337890625 0.6142533936651584 0.01633789062499999 0.07149321266968331
1 0.165166015625 0.44656108597285066 0.014785156249999987 0.06665158371040719
1 0.1287890625 0.615972850678733 0.015302734375000016 0.0700904977375566
1 0.67236328125 0.4318552036199095 0.01400390624999992 0.0657013574660634
1 0.3466796875 0.44176470588235295 0.013378906250000044 0.0624434389140272
1 0.12927734375 0.4479638009049774 0.014335937500000007 0.05941176470588233
1 0.599609375 0.4323981900452489 0.01358398437500008 0.06149321266968327
1 0.237548828125 0.612579185520362 0.015781250000000024 0.06927601809954752
1 0.45556640625 0.6018099547511312 0.015253906250000004 0.06719457013574671
1 0.38330078125 0.6057918552036199 0.014951171874999947 0.06877828054298638
1 0.38330078125 0.44176470588235295 0.013955078124999964 0.06438914027149317
1 0.9267578125 0.415158371040724 0.014785156250000098 0.06959276018099546
1 0.201787109375 0.442579185520362 0.016982421874999987 0.07312217194570134
1 0.09283203125 0.447420814479638 0.014228515624999993 0.06221719457013575
1 0.419921875 0.6035294117647059 0.015429687499999956 0.06904977375565607
1 0.455322265625 0.4332579185520362 0.016093750000000018 0.08081447963800911
1 0.419189453125 0.44484162895927604 0.013164062500000018 0.06036199095022626
1 0.673828125 0.5972850678733032 0.014287109375000107 0.06393665158371038
1 0.52880859375 0.42959276018099546 0.016093750000000018 0.08171945701357466
1 0.4921875 0.6018099547511312 0.015078125000000053 0.06570135746606326
1 0.52783203125 0.5978733031674208 0.016162109374999956 0.06570135746606326
1 0.238408203125 0.44176470588235295 0.016220703125000013 0.07067873303167423
1 0.63623046875 0.5978733031674208 0.014667968749999982 0.06316742081447954
1 0.274658203125 0.43723981900452485 0.016406249999999956 0.0795927601809955
1 0.05697265625 0.45533936651583706 0.012480468750000001 0.05565610859728512
1 0.564453125 0.5967420814479638 0.015302734375000071 0.0643891402714933
1 0.6005859375 0.5984162895927602 0.014785156250000098 0.05963800904977379
1 0.49267578125 0.4332579185520362 0.01627929687500007 0.08447963800904984