1 0.09185546875 0.5916289592760181 0.01567382812500001 0.0829864253393664
1 0.1268359375 0.5922171945701358 0.014785156249999987 0.07719457013574661
1 0.9267578125 0.5528959276018099 0.01627929687500007 0.07959276018099536
1 0.38232421875 0.5735294117647058 0.01571289062500003 0.07601809954751136
1 0.345458984375 0.5769230769230769 0.015429687499999956 0.07683257918552044
1 0.31005859375 0.5797737556561086 0.01595703125000003 0.08117647058823528
1 0.163330078125 0.5904977375565611 0.015605468750000018 0.07805429864253394
1 0.41845703125 0.5735294117647058 0.015673828124999956 0.07230769230769239
1 0.92529296875 0.37303167420814476 0.015019531250000107 0.06850678733031668
1 0.853515625 0.3778280542986425 0.014111328125000044 0.06466063348416286
1 0.235966796875 0.4058371040723982 0.016464843750000013 0.07601809954751136
1 0.74462890625 0.38122171945701355 0.01578125000000008 0.07366515837104073
1 0.272705078125 0.582579185520362 0.016660156249999947 0.08018099547511325
1 0.490478515625 0.4007239819004525 0.016162109374999956 0.0786877828054298
1 0.4912109375 0.5692760180995475 0.015429687499999956 0.07457013574660641
1 0.454345703125 0.5687330316742082 0.01595703125000003 0.07067873303167423
1 0.236328125 0.5876923076923076 0.01567382812500001 0.07656108597285075
1 0.7451171875 0.555158371040724 0.015078125000000053 0.07067873303167423
1 0.78125 0.3778280542986425 0.015673828124999956 0.07601809954751136
1 0.52734375 0.5628054298642534 0.015019531250000107 0.06986425339366514
1 0.199462890625 0.41149321266968325 0.01704101562499999 0.07199095022624433
1 0.454345703125 0.3984615384615385 0.01602539062499997 0.0795927601809955
1 0.890625 0.5514932126696832 0.015898437499999973 0.0739366515837103
1 0.5263671875 0.39705882352941174 0.016220703124999902 0.07805429864253394
1 0.7080078125 0.3832126696832579 0.015488281249999902 0.07366515837104073
1 0.199951171875 0.5888235294117646 0.015078124999999998 0.0736651583710406
1 0.59814453125 0.3936651583710407 0.014287109375000107 0.0624434389140272
1 0.272705078125 0.40497737556561086 0.016162109374999956 0.07683257918552032
1 0.1279296875 0.415158371040724 0.013427734375 0.06054298642533935
1 0.671875 0.5590950226244344 0.015019531250000107 0.06796380090497729
1 0.78076171875 0.5542986425339367 0.015126953125000009 0.07262443438914032
1 0.6357421875 0.5605429864253394 0.015302734375000071 0.06665158371040732
1 0.708984375 0.5557013574660633 0.014902343749999991 0.06850678733031668
1 0.1640625 0.4160180995475113 0.014560546875000024 0.06343891402714937
1 0.85400390625 0.5537556561085972 0.014785156250000098 0.06959276018099546
1 0.59912109375 0.560814479638009 0.01553710937500008 0.06570135746606326
1 0.56298828125 0.5628054298642534 0.015253906249999893 0.06619909502262442
1 0.382080078125 0.4072398190045249 0.014179687499999982 0.06466063348416286
1 0.81689453125 0.5537556561085972 0.015126953125000009 0.07117647058823538
1 0.054990234375 0.5899547511312216 0.016220703125000013 0.07542986425339374
1 0.345458984375 0.4072398190045249 0.014062499999999978 0.06393665158371038
1 0.56201171875 0.3984615384615385 0.014843750000000044 0.06416289592760184
1 0.67138671875 0.38941176470588235 0.014384765625000018 0.06393665158371038
1 0.0913671875 0.415158371040724 0.013632812500000008 0.059864253393665114
1 0.417724609375 0.4072398190045249 0.014902343749999991 0.06343891402714937
1 0.634765625 0.39 0.014619140625000027 0.06271493212669689
1 0.8154296875 0.38235294117647056 0.014453124999999956 0.0636651583710407
1 0.308837890625 0.41090497737556564 0.014228515625000049 0.06343891402714937
1 0.88916015625 0.37696832579185524 0.014287109375000107 0.06592760180995472
1 0.054990234375 0.415158371040724 0.013691406249999996 0.06036199095022626