1 0.71044921875 0.4287330316742081 0.015673828124999956 0.07488687782805435
1 0.9287109375 0.6012669683257919 0.01692382812499993 0.07751131221719455
1 0.783203125 0.4242081447963801 0.015605468750000018 0.07628959276018106
1 0.74609375 0.4287330316742081 0.015429687499999956 0.07149321266968331
1 0.78369140625 0.6035294117647059 0.015302734375000071 0.07117647058823538
1 0.56494140625 0.6040723981900452 0.015078125000000053 0.06316742081447954
1 0.52880859375 0.4386425339366516 0.015605468750000018 0.0789592760180995
1 0.492919921875 0.440316742081448 0.01602539062500008 0.08271493212669684
1 0.89208984375 0.5972850678733032 0.016220703124999902 0.07570135746606343
1 0.3837890625 0.6119909502262444 0.01578124999999997 0.07176470588235301
1 0.81982421875 0.6012669683257919 0.01595703124999992 0.0736651583710406
1 0.346435546875 0.6142533936651584 0.01595703125000003 0.07488687782805435
1 0.63671875 0.6040723981900452 0.015361328125000018 0.06343891402714924
1 0.419921875 0.6091855203619909 0.017041015625000044 0.0700904977375566
1 0.455810546875 0.442579185520362 0.016464843750000013 0.08144796380090498
1 0.6728515625 0.4395022624434389 0.013535156249999902 0.06099547511312212
1 0.85546875 0.6018099547511312 0.015488281249999902 0.06927601809954752
1 0.4560546875 0.6074660633484162 0.016406249999999956 0.06927601809954752
1 0.12927734375 0.6272850678733032 0.01567382812500001 0.07425339366515848
1 0.2744140625 0.620497737556561 0.01595703125000003 0.07570135746606343
1 0.201787109375 0.620497737556561 0.015712890624999976 0.07719457013574661
1 0.60107421875 0.6046606334841629 0.014785156250000098 0.06199095022624429
1 0.4921875 0.6074660633484162 0.016728515625000107 0.06877828054298638
1 0.23876953125 0.44484162895927604 0.016660156250000002 0.07230769230769227
1 0.71044921875 0.5995475113122172 0.015019531250000107 0.06696832579185526
1 0.63623046875 0.43723981900452485 0.01327148437499992 0.05941176470588233
1 0.74658203125 0.6023981900452489 0.015019531250000107 0.06828054298642523
1 0.9267578125 0.4210859728506787 0.014062500000000089 0.06488687782805432
1 0.165654296875 0.6250226244343892 0.01567382812500001 0.07425339366515848
1 0.8173828125 0.4332579185520362 0.014179687499999982 0.06054298642533935
1 0.274658203125 0.4434389140271493 0.016162109374999956 0.07542986425339374
1 0.673828125 0.6012669683257919 0.014619140625000027 0.06515837104072388
1 0.23828125 0.619366515837104 0.016220703125000013 0.07719457013574661
1 0.310791015625 0.618235294117647 0.015537109374999969 0.07230769230769239
1 0.529296875 0.6029411764705882 0.01578125000000008 0.06665158371040732
1 0.202275390625 0.44656108597285066 0.016279296875000016 0.07199095022624433
1 0.85498046875 0.4332579185520362 0.013798828125000107 0.059864253393665114
1 0.60009765625 0.4395022624434389 0.013632812500000036 0.05941176470588233
1 0.8916015625 0.4256108597285068 0.014062500000000089 0.061764705882352965
1 0.38330078125 0.45194570135746603 0.013164062500000018 0.0587330316742081
1 0.564453125 0.4457013574660634 0.014111328125000044 0.06081447963800904
1 0.346923828125 0.4488235294117647 0.013330078124999978 0.06036199095022626
1 0.056640625 0.6216289592760181 0.016982421874999987 0.0789592760180995
1 0.41943359375 0.449683257918552 0.013330078124999978 0.05963800904977379
1 0.09271484375 0.6255656108597285 0.016279296875000016 0.0789592760180995
1 0.165283203125 0.4561538461538462 0.013583984375000024 0.0587330316742081
1 0.12939453125 0.45533936651583706 0.012919921875000018 0.05760180995475109
1 0.310302734375 0.4504977375565611 0.014453124999999956 0.061764705882352965
1 0.092529296875 0.4567420814479638 0.013124999999999998 0.057149321266968305
1 0.057373046875 0.46099547511312217 0.01243164062499999 0.05375565610859726