1 0.2021484375 0.44656108597285066 0.016923828124999984 0.07683257918552032
1 0.20166015625 0.6233031674208145 0.016093750000000018 0.08723981900452477
1 0.8193359375 0.6069230769230769 0.015488281249999902 0.08624434389140273
1 0.783203125 0.6091855203619909 0.015019531250000107 0.0829864253393664
1 0.7099609375 0.6040723981900452 0.014951171874999947 0.07990950226244355
1 0.165283203125 0.6284162895927602 0.016025390625000024 0.08524886877828043
1 0.419921875 0.614841628959276 0.015605468750000018 0.08610859728506776
1 0.2744140625 0.6210407239819005 0.015605468750000018 0.09099547511312224
1 0.38330078125 0.618235294117647 0.01602539062499997 0.08832579185520353
1 0.45654296875 0.6131221719457014 0.016464843750000013 0.08271493212669671
1 0.6748046875 0.6046606334841629 0.014951171874999947 0.07628959276018106
1 0.237919921875 0.6233031674208145 0.016220703125000013 0.08914027149321262
1 0.274658203125 0.442579185520362 0.016982421874999987 0.08117647058823528
1 0.85595703125 0.6035294117647059 0.015019531250000107 0.08561085972850686
1 0.31103515625 0.6216289592760181 0.01571289062500003 0.09036199095022637
1 0.52880859375 0.6080542986425339 0.01602539062500008 0.07990950226244355
1 0.7470703125 0.6080542986425339 0.015361328125000018 0.07990950226244355
1 0.56494140625 0.6074660633484162 0.015673828124999956 0.0789592760180995
1 0.129150390625 0.6266968325791855 0.015898437499999973 0.0866063348416289
1 0.4921875 0.6142533936651584 0.01627929687500007 0.08475113122171954
1 0.6015625 0.6074660633484162 0.015302734375000071 0.07656108597285075
1 0.45556640625 0.4386425339366516 0.016660156249999947 0.08846153846153851
1 0.347412109375 0.619366515837104 0.01578124999999997 0.09036199095022637
1 0.23828125 0.4434389140271493 0.016787109374999998 0.08018099547511312
1 0.6376953125 0.6063348416289592 0.015488281249999902 0.07542986425339374
1 0.093017578125 0.6278280542986425 0.01567382812500001 0.08638009049773744
1 0.892578125 0.6046606334841629 0.015126953125000009 0.08334841628959283
1 0.38330078125 0.4513574660633484 0.013740234375000049 0.06036199095022626
1 0.70947265625 0.42787330316742084 0.015126953125000009 0.08117647058823528
1 0.92822265625 0.6012669683257919 0.016337890625000018 0.09226244343891396
1 0.52880859375 0.43497737556561084 0.01602539062500008 0.08773755656108591
1 0.492431640625 0.440316742081448 0.017041015625000044 0.09085972850678725
1 0.7822265625 0.4242081447963801 0.014951171874999947 0.08081447963800911
1 0.165771484375 0.4544796380090498 0.014384765625000018 0.06099547511312212
1 0.056552734375 0.6216289592760181 0.016220703125000013 0.08271493212669671
1 0.74609375 0.4256108597285068 0.015253906249999893 0.08117647058823528
1 0.599609375 0.44176470588235295 0.013798828125000107 0.06221719457013575
1 0.89111328125 0.4242081447963801 0.014384765625000018 0.06592760180995472
1 0.310302734375 0.4504977375565611 0.014619140625000027 0.06393665158371038
1 0.129638671875 0.45361990950226244 0.014062499999999978 0.06126696832579182
1 0.6728515625 0.44176470588235295 0.013740234374999938 0.06294117647058822
1 0.85546875 0.4287330316742081 0.013632812500000036 0.06719457013574658
1 0.9267578125 0.42194570135746606 0.014902343749999991 0.06746606334841627
1 0.09283203125 0.45533936651583706 0.013427734375 0.058054298642533995
1 0.8173828125 0.4323981900452489 0.013847656250000062 0.06619909502262442
1 0.56396484375 0.447420814479638 0.014111328125000044 0.0624434389140272
1 0.419189453125 0.4479638009049774 0.013027343750000031 0.06488687782805432
1 0.6357421875 0.4395022624434389 0.013955078124999964 0.06343891402714937
1 0.34716796875 0.4479638009049774 0.014453124999999956 0.0636651583710407
1 0.05823242187500001 0.4584162895927602 0.012333984374999996 0.05782805429864254