1 0.309326171875 0.6119909502262444 0.01578124999999997 0.0700904977375566
1 0.09185546875 0.6221719457013575 0.015488281250000013 0.07425339366515848
1 0.3828125 0.6074660633484162 0.01571289062500003 0.06927601809954752
1 0.4912109375 0.6040723981900452 0.015361328125000018 0.06592760180995472
1 0.237548828125 0.6142533936651584 0.015781250000000024 0.07425339366515848
1 0.6005859375 0.6018099547511312 0.014667968749999982 0.06316742081447954
1 0.56396484375 0.5995475113122172 0.015078125000000053 0.06538461538461533
1 0.2734375 0.614841628959276 0.015253906250000004 0.07117647058823538
1 0.200439453125 0.61710407239819 0.015361328125000018 0.0703619909502263
1 0.52734375 0.6018099547511312 0.014843750000000044 0.06570135746606326
1 0.4189453125 0.6069230769230769 0.015673828124999956 0.06986425339366514
1 0.454833984375 0.6040723981900452 0.01571289062500003 0.06696832579185526
1 0.16455078125 0.6221719457013575 0.015712890624999976 0.07230769230769239
1 0.345458984375 0.6114479638009049 0.015078125000000053 0.0700904977375566
1 0.6728515625 0.6006787330316742 0.013955078124999964 0.06488687782805419
1 0.70947265625 0.5950226244343891 0.014384765625000018 0.0674660633484164
1 0.74560546875 0.6001357466063348 0.014453124999999956 0.0674660633484164
1 0.128173828125 0.6210407239819005 0.014560546875000024 0.07230769230769239
1 0.7822265625 0.6006787330316742 0.014785156250000098 0.07230769230769239
1 0.818359375 0.5972850678733032 0.01553710937500008 0.07570135746606343
1 0.63623046875 0.5995475113122172 0.015078125000000053 0.06488687782805419
1 0.8544921875 0.5972850678733032 0.014843750000000044 0.06986425339366514
1 0.23779296875 0.4434389140271493 0.016787109374999998 0.07425339366515836
1 0.273681640625 0.4409049773755656 0.016582031250000018 0.07542986425339374
1 0.055419921875 0.6199095022624435 0.01560546874999999 0.07149321266968331
1 0.7099609375 0.42787330316742084 0.014843750000000044 0.06959276018099546
1 0.78173828125 0.4205429864253394 0.014619140625000027 0.07393665158371042
1 0.8916015625 0.5972850678733032 0.01571289062499992 0.07230769230769239
1 0.201298828125 0.44656108597285066 0.017636718750000002 0.07339366515837104
1 0.7451171875 0.4250678733031674 0.014843750000000044 0.0703619909502263
1 0.455078125 0.43778280542986425 0.01602539062499997 0.07515837104072404
1 0.309814453125 0.4479638009049774 0.013896484375000018 0.06054298642533935
1 0.56298828125 0.4395022624434389 0.013896484375000018 0.06271493212669689
1 0.927734375 0.5910859728506788 0.016982421875000098 0.08348416289592756
1 0.491455078125 0.43552036199095023 0.015429687499999956 0.07393665158371042
1 0.52734375 0.4341176470588235 0.01627929687500007 0.07778280542986424
1 0.81640625 0.4309954751131222 0.013427734375 0.06221719457013575
1 0.671875 0.43723981900452485 0.013740234374999938 0.06126696832579182
1 0.92626953125 0.4188235294117647 0.014111328125000044 0.06393665158371038
1 0.16455078125 0.45361990950226244 0.01395507812500002 0.06099547511312212
1 0.34619140625 0.4457013574660634 0.013164062500000018 0.05828054298642532
1 0.38232421875 0.44656108597285066 0.013583984374999969 0.06036199095022626
1 0.89013671875 0.4188235294117647 0.014228515624999938 0.06081447963800904
1 0.59912109375 0.4341176470588235 0.013222656249999964 0.06081447963800904
1 0.8544921875 0.4287330316742081 0.01358398437500008 0.0636651583710407
1 0.12830078125 0.4544796380090498 0.01322265625000002 0.059185520361991005
1 0.63525390625 0.4341176470588235 0.013476562499999956 0.06271493212669689
1 0.41845703125 0.447420814479638 0.013164062500000018 0.06081447963800904
1 0.09173828125 0.4544796380090498 0.012529296875000012 0.0547963800904978
1 0.0558203125 0.4561538461538462 0.013164062500000004 0.05782805429864254